1,1,23.00,108.00,14.00,17.00,1,1,0.9799
1,2,98.00,64.00,12.00,18.00,1,1,1.0000
1,3,102.00,45.00,11.00,14.00,1,1,1.0000
1,4,33.00,94.00,26.00,24.00,1,1,0.5650
1,5,25.00,24.00,19.00,25.00,1,1,1.0000
1,6,47.00,6.00,28.00,22.00,1,1,0.0000
1,7,28.00,52.00,17.00,16.00,1,1,0.9822
1,8,42.00,8.00,14.00,17.00,1,1,0.3413
1,9,45.00,24.00,25.00,28.00,1,1,0.0300
1,10,30.00,101.00,20.00,19.00,1,1,0.1273
1,11,61.00,67.00,18.00,27.00,1,1,0.0000
1,12,10.00,34.00,28.00,22.00,1,1,0.7196
2,1,25.00,108.00,14.00,17.00,1,1,0.9045
2,2,99.00,65.00,11.00,18.00,1,1,1.0000
2,3,103.00,47.00,10.00,14.00,1,1,1.0000
2,4,31.00,92.00,26.00,24.00,1,1,0.6423
2,5,26.00,23.00,19.00,25.00,1,1,1.0000
2,6,49.00,7.00,28.00,22.00,1,1,0.0000
2,7,26.00,53.00,18.00,17.00,1,1,1.0000
2,8,44.00,7.00,14.00,17.00,1,1,0.1325
2,9,46.00,23.00,24.00,27.00,1,1,0.0171
2,10,32.00,101.00,20.00,19.00,1,1,0.1083
2,11,62.00,68.00,18.00,26.00,1,1,0.0000
2,12,9.00,33.00,28.00,22.00,1,1,0.7649
3,1,27.00,108.00,14.00,17.00,1,1,0.8744
3,2,99.00,66.00,11.00,18.00,1,1,1.0000
3,3,104.00,49.00,10.00,13.00,1,1,1.0000
3,4,30.00,90.00,26.00,24.00,1,1,0.7125
3,5,27.00,23.00,19.00,25.00,1,1,1.0000
3,6,50.00,7.00,28.00,23.00,1,1,0.0000
3,7,24.00,55.00,18.00,16.00,1,1,1.0000
3,8,47.00,7.00,13.00,17.00,1,1,0.0000
3,9,46.00,21.00,25.00,28.00,1,1,0.0094
3,10,34.00,101.00,20.00,19.00,1,1,0.1223
3,11,64.00,69.00,18.00,26.00,1,1,0.0115
3,12,8.00,32.00,28.00,22.00,1,1,0.8062
4,1,29.00,108.00,14.00,17.00,1,1,0.8744
4,2,99.00,67.00,12.00,18.00,1,1,1.0000
4,3,104.00,50.00,11.00,14.00,1,1,1.0000
4,4,28.00,88.00,26.00,24.00,1,1,0.7776
4,5,28.00,22.00,19.00,25.00,1,1,1.0000
4,6,52.00,8.00,27.00,22.00,1,1,0.0000
4,7,22.00,57.00,18.00,16.00,1,1,1.0000
4,8,49.00,6.00,14.00,17.00,1,1,0.0000
4,9,47.00,19.00,24.00,28.00,1,1,0.0000
4,10,37.00,102.00,19.00,19.00,1,1,0.1209
4,11,65.00,70.00,18.00,26.00,1,1,0.0627
4,12,8.00,31.00,28.00,22.00,1,1,0.8474
5,1,31.00,108.00,14.00,17.00,1,1,0.9196
5,2,100.00,68.00,11.00,18.00,1,1,1.0000
5,3,105.00,52.00,11.00,14.00,1,1,1.0000
5,4,27.00,87.00,26.00,24.00,1,1,0.8392
5,5,29.00,21.00,19.00,26.00,1,1,0.9699
5,6,53.00,9.00,28.00,22.00,1,1,0.0000
5,7,20.00,59.00,18.00,16.00,1,1,1.0000
5,8,51.00,6.00,14.00,17.00,1,1,0.0000
5,9,47.00,18.00,24.00,28.00,1,1,0.0000
5,10,39.00,102.00,19.00,19.00,1,1,0.0975
5,11,66.00,70.00,18.00,27.00,1,1,0.1229
5,12,7.00,30.00,28.00,22.00,1,1,0.8986
6,1,33.00,108.00,14.00,17.00,1,1,0.9749
6,2,100.00,69.00,11.00,18.00,1,1,1.0000
6,3,106.00,54.00,10.00,13.00,1,1,1.0000
6,4,25.00,85.00,26.00,24.00,1,1,0.8982
6,5,30.00,21.00,20.00,25.00,1,1,0.9266
6,6,55.00,9.00,27.00,23.00,1,1,0.0165
6,7,18.00,60.00,18.00,17.00,1,1,1.0000
6,8,54.00,6.00,13.00,16.00,1,1,0.0000
6,9,48.00,16.00,24.00,28.00,1,1,0.0000
6,10,41.00,103.00,20.00,18.00,1,1,0.0616
6,11,68.00,71.00,18.00,27.00,1,1,0.2045
6,12,6.00,29.00,28.00,22.00,1,1,0.9375
7,1,35.00,108.00,14.00,17.00,1,1,0.9095
7,2,100.00,70.00,12.00,18.00,1,1,1.0000
7,3,107.00,55.00,10.00,14.00,1,1,1.0000
7,4,24.00,83.00,26.00,24.00,1,1,0.9472
7,5,31.00,20.00,20.00,25.00,1,1,0.8750
7,6,56.00,10.00,28.00,23.00,1,1,0.0510
7,7,16.00,62.00,18.00,16.00,1,1,1.0000
7,8,56.00,5.00,14.00,17.00,1,1,0.0000
7,9,48.00,15.00,24.00,28.00,1,1,0.0000
7,10,43.00,103.00,20.00,19.00,1,1,0.0540
7,11,69.00,72.00,18.00,27.00,1,1,0.2930
7,12,6.00,28.00,28.00,22.00,1,1,0.9689
8,1,37.00,108.00,14.00,17.00,1,1,0.7588
8,2,101.00,71.00,11.00,18.00,1,1,1.0000
8,3,108.00,57.00,10.00,14.00,1,1,1.0000
8,4,22.00,81.00,26.00,24.00,1,1,0.9858
8,5,32.00,20.00,20.00,25.00,1,1,0.8169
8,6,58.00,11.00,27.00,22.00,1,1,0.0954
8,7,14.00,64.00,18.00,16.00,1,1,1.0000
8,8,59.00,5.00,13.00,17.00,1,1,0.0000
8,9,49.00,13.00,24.00,28.00,1,1,0.0000
8,10,45.00,103.00,20.00,19.00,1,1,0.0073
8,11,70.00,73.00,18.00,27.00,1,1,0.3778
8,12,5.00,27.00,28.00,22.00,1,1,0.9938
9,1,39.00,108.00,14.00,17.00,1,1,0.5879
9,2,101.00,72.00,11.00,17.00,1,1,1.0000
9,3,108.00,59.00,11.00,13.00,1,1,1.0000
9,4,21.00,79.00,26.00,24.00,1,1,1.0000
9,5,33.00,19.00,20.00,25.00,1,1,0.7568
9,6,59.00,12.00,28.00,22.00,1,1,0.1467
9,7,12.00,66.00,18.00,16.00,1,1,1.0000
9,8,61.00,4.00,13.00,17.00,1,1,0.0000
9,9,49.00,12.00,24.00,27.00,1,1,0.0000
9,10,48.00,104.00,19.00,19.00,1,1,0.0000
9,11,72.00,74.00,18.00,27.00,1,1,0.4801
9,12,5.00,25.00,28.00,22.00,1,1,1.0000
10,1,41.00,108.00,14.00,17.00,1,1,0.4171
10,2,101.00,73.00,12.00,17.00,1,1,1.0000
10,3,109.00,61.00,11.00,13.00,1,1,1.0000
10,4,19.00,77.00,26.00,24.00,1,1,1.0000
10,5,34.00,18.00,20.00,25.00,1,1,0.6932
10,6,60.00,12.00,28.00,23.00,1,1,0.2000
10,7,10.00,67.00,18.00,17.00,1,1,0.9474
10,8,63.00,4.00,14.00,17.00,1,1,0.0000
10,9,50.00,10.00,24.00,28.00,1,1,0.0000
10,10,50.00,104.00,19.00,19.00,1,1,0.0000
10,11,73.00,75.00,18.00,27.00,1,1,0.5767
10,12,4.00,24.00,28.00,22.00,1,1,1.0000
11,1,43.00,108.00,14.00,17.00,1,1,0.2462
11,2,102.00,74.00,11.00,17.00,1,1,1.0000
11,3,110.00,62.00,10.00,14.00,1,1,1.0000
11,4,18.00,76.00,26.00,24.00,1,1,1.0000
11,5,36.00,18.00,19.00,25.00,1,1,0.6240
11,6,62.00,13.00,27.00,23.00,1,1,0.2526
11,7,8.00,69.00,18.00,16.00,1,1,0.8407
11,8,66.00,3.00,13.00,17.00,1,1,0.0000
11,9,50.00,9.00,24.00,27.00,1,1,0.0000
11,10,52.00,104.00,20.00,19.00,1,1,0.0000
11,11,74.00,76.00,18.00,26.00,1,1,0.6657
11,12,3.00,23.00,28.00,22.00,1,1,1.0000
12,1,45.00,108.00,14.00,17.00,1,1,0.0955
12,2,102.00,75.00,11.00,17.00,1,1,1.0000
12,3,111.00,64.00,10.00,14.00,1,1,1.0000
12,4,16.00,74.00,26.00,24.00,1,1,1.0000
12,5,37.00,17.00,19.00,25.00,1,1,0.5559
12,6,63.00,14.00,28.00,22.00,1,1,0.3223
12,7,6.00,71.00,18.00,16.00,1,1,0.7411
12,8,68.00,3.00,13.00,17.00,1,1,0.0000
12,9,51.00,7.00,24.00,28.00,1,1,0.0000
12,10,54.00,105.00,20.00,19.00,1,1,0.0000
12,11,76.00,77.00,18.00,26.00,1,1,0.7622
12,12,3.00,22.00,28.00,22.00,1,1,1.0000
13,1,47.00,108.00,14.00,17.00,1,1,0.0000
13,2,102.00,76.00,12.00,17.00,1,1,1.0000
13,3,111.00,66.00,11.00,13.00,1,1,1.0000
13,4,15.00,72.00,26.00,24.00,1,1,1.0000
13,5,38.00,16.00,19.00,26.00,1,1,0.4918
13,6,65.00,15.00,27.00,22.00,1,1,0.3892
13,7,5.00,73.00,17.00,16.00,1,1,0.6756
13,8,70.00,2.00,14.00,17.00,1,1,0.1548
13,9,51.00,6.00,24.00,27.00,1,1,0.0000
13,10,56.00,105.00,20.00,19.00,1,1,0.0000
13,11,77.00,77.00,18.00,27.00,1,1,0.8348
13,12,2.00,21.00,28.00,22.00,1,1,1.0000
14,1,49.00,108.00,14.00,17.00,1,1,0.0000
14,2,103.00,77.00,11.00,17.00,1,1,1.0000
14,3,112.00,67.00,11.00,14.00,1,1,1.0000
14,4,13.00,70.00,26.00,24.00,1,1,1.0000
14,5,39.00,16.00,19.00,25.00,1,1,0.4212
14,6,66.00,15.00,28.00,23.00,1,1,0.4483
14,7,3.00,74.00,17.00,17.00,1,1,0.6696
14,8,73.00,2.00,13.00,17.00,1,1,0.3491
14,9,52.00,4.00,24.00,28.00,1,1,0.0000
14,10,59.00,106.00,19.00,18.00,1,1,0.0000
14,11,78.00,78.00,19.00,27.00,1,1,0.9145
14,12,2.00,20.00,27.00,22.00,1,1,1.0000
15,1,51.00,108.00,14.00,17.00,1,1,0.0000
15,2,103.00,78.00,11.00,17.00,1,1,1.0000
15,3,113.00,69.00,11.00,14.00,1,1,1.0000
15,4,12.00,68.00,26.00,24.00,1,1,1.0000
15,5,40.00,15.00,19.00,25.00,1,1,0.3516
15,6,68.00,16.00,27.00,23.00,1,1,0.5124
15,7,1.00,76.00,17.00,16.00,1,1,0.7489
15,8,75.00,2.00,14.00,16.00,1,1,0.5714
15,9,52.00,2.00,24.00,28.00,1,1,0.0000
15,10,61.00,106.00,20.00,19.00,1,1,0.0000
15,11,80.00,79.00,18.00,27.00,1,1,0.9719
15,12,1.00,19.00,28.00,22.00,1,1,1.0000
16,1,53.00,108.00,14.00,17.00,1,1,0.0000
16,2,103.00,79.00,12.00,17.00,1,1,1.0000
16,3,114.00,71.00,10.00,13.00,1,1,1.0000
16,4,10.00,66.00,26.00,24.00,1,1,1.0000
16,5,41.00,15.00,19.00,25.00,1,1,0.2892
16,6,69.00,17.00,28.00,22.00,1,1,0.5776
16,7,2.00,78.00,18.00,16.00,1,1,0.6562
16,8,77.00,1.00,14.00,17.00,1,1,0.7849
16,9,53.00,1.00,24.00,28.00,1,1,0.0000
16,10,63.00,106.00,20.00,19.00,1,1,0.0498
16,11,81.00,80.00,18.00,27.00,1,1,1.0000
16,12,0.00,18.00,28.00,22.00,1,1,1.0000
17,1,55.00,108.00,14.00,17.00,1,1,0.0000
17,2,104.00,80.00,11.00,17.00,1,1,1.0000
17,3,115.00,72.00,10.00,14.00,1,1,1.0000
17,4,9.00,65.00,26.00,24.00,1,1,1.0000
17,5,42.00,14.00,19.00,25.00,1,1,0.2255
17,6,70.00,18.00,28.00,22.00,1,1,0.6486
17,7,4.00,80.00,18.00,16.00,1,1,0.6872
17,8,80.00,1.00,13.00,17.00,1,1,0.9586
17,9,53.00,2.00,24.00,28.00,1,1,0.0000
17,10,65.00,107.00,20.00,19.00,1,1,0.1480
17,11,83.00,81.00,18.00,27.00,1,1,1.0000
17,12,0.00,17.00,28.00,22.00,1,1,1.0000
18,1,57.00,108.00,14.00,17.00,1,1,0.0000
18,2,104.00,81.00,11.00,17.00,1,1,1.0000
18,3,115.00,74.00,11.00,14.00,1,1,1.0000
18,4,7.00,63.00,26.00,24.00,1,1,1.0000
18,5,43.00,13.00,19.00,25.00,1,1,0.1676
18,6,72.00,18.00,28.00,23.00,1,1,0.7099
18,7,6.00,81.00,18.00,17.00,1,1,0.8035
18,8,82.00,2.00,14.00,17.00,1,1,1.0000
18,9,54.00,3.00,24.00,28.00,1,1,0.0000
18,10,68.00,107.00,19.00,19.00,1,1,0.2708
18,11,84.00,82.00,18.00,27.00,1,1,1.0000
18,12,0.00,16.00,27.00,22.00,1,1,1.0000
19,1,59.00,108.00,14.00,17.00,1,1,0.0000
19,2,104.00,82.00,12.00,17.00,1,1,1.0000
19,3,114.00,76.00,11.00,13.00,1,1,1.0000
19,4,6.00,61.00,26.00,24.00,1,1,1.0000
19,5,44.00,13.00,19.00,25.00,1,1,0.1132
19,6,73.00,19.00,28.00,23.00,1,1,0.7730
19,7,8.00,83.00,18.00,16.00,1,1,0.9474
19,8,84.00,2.00,14.00,17.00,1,1,1.0000
19,9,54.00,5.00,24.00,28.00,1,1,0.0000
19,10,70.00,107.00,19.00,19.00,1,1,0.4022
19,11,85.00,83.00,18.00,26.00,1,1,1.0000
19,12,0.00,15.00,26.00,22.00,1,1,1.0000
20,1,61.00,108.00,14.00,17.00,1,1,0.0000
20,2,105.00,83.00,11.00,17.00,1,1,1.0000
20,3,114.00,77.00,10.00,14.00,1,1,1.0000
20,4,4.00,59.00,26.00,24.00,1,1,1.0000
20,5,45.00,12.00,19.00,25.00,1,1,0.0654
20,6,75.00,20.00,27.00,22.00,1,1,0.8309
20,7,10.00,85.00,18.00,16.00,1,1,1.0000
20,8,87.00,3.00,13.00,17.00,1,1,1.0000
20,9,54.00,6.00,25.00,28.00,1,1,0.0000
20,10,72.00,108.00,20.00,19.00,1,1,0.5511
20,11,87.00,84.00,18.00,26.00,1,1,1.0000
20,12,0.00,14.00,26.00,22.00,1,1,1.0000
21,1,63.00,108.00,14.00,17.00,1,1,0.0000
21,2,105.00,84.00,11.00,17.00,1,1,0.9580
21,3,113.00,79.00,10.00,14.00,1,1,1.0000
21,4,3.00,57.00,26.00,24.00,1,1,1.0000
21,5,46.00,11.00,19.00,26.00,1,1,0.0245
21,6,76.00,21.00,28.00,22.00,1,1,0.8843
21,7,12.00,87.00,18.00,16.00,1,1,1.0000
21,8,89.00,3.00,14.00,17.00,1,1,1.0000
21,9,55.00,8.00,24.00,28.00,1,1,0.0000
21,10,74.00,108.00,20.00,19.00,1,1,0.6968
21,11,88.00,85.00,18.00,26.00,1,1,0.9886
21,12,0.00,13.00,26.00,22.00,1,1,1.0000
22,1,65.00,108.00,14.00,17.00,1,1,0.0000
22,2,105.00,85.00,12.00,17.00,1,1,0.8873
22,3,112.00,81.00,10.00,13.00,1,1,1.0000
22,4,1.00,55.00,26.00,24.00,1,1,1.0000
22,5,47.00,11.00,19.00,25.00,1,1,0.0000
22,6,78.00,21.00,27.00,23.00,1,1,0.9340
22,7,14.00,88.00,18.00,17.00,1,1,1.0000
22,8,92.00,4.00,13.00,16.00,1,1,1.0000
22,9,55.00,10.00,25.00,27.00,1,1,0.0000
22,10,76.00,109.00,20.00,18.00,1,1,0.8116
22,11,89.00,85.00,18.00,27.00,1,1,0.9687
22,12,0.00,12.00,26.00,22.00,1,1,1.0000
23,1,67.00,108.00,14.00,17.00,1,1,0.0000
23,2,106.00,86.00,11.00,17.00,1,1,0.7914
23,3,111.00,83.00,11.00,13.00,1,1,1.0000
23,4,1.00,54.00,26.00,24.00,1,1,1.0000
23,5,48.00,10.00,19.00,25.00,1,1,0.0000
23,6,79.00,22.00,28.00,23.00,1,1,0.9673
23,7,16.00,90.00,18.00,17.00,1,1,1.0000
23,8,94.00,4.00,13.00,17.00,1,1,1.0000
23,9,56.00,11.00,24.00,28.00,1,1,0.0000
23,10,79.00,109.00,19.00,19.00,1,1,0.9353
23,11,91.00,86.00,18.00,27.00,1,1,0.9377
23,12,0.00,11.00,27.00,22.00,1,1,1.0000
24,1,69.00,108.00,14.00,17.00,1,1,0.0905
24,2,106.00,87.00,11.00,17.00,1,1,0.6944
24,3,110.00,84.00,11.00,14.00,1,1,1.0000
24,4,3.00,52.00,26.00,24.00,1,1,1.0000
24,5,49.00,9.00,19.00,26.00,1,1,0.0000
24,6,81.00,23.00,27.00,22.00,1,1,1.0000
24,7,18.00,92.00,18.00,16.00,1,1,1.0000
24,8,96.00,5.00,14.00,16.00,1,1,1.0000
24,9,56.00,13.00,25.00,27.00,1,1,0.0000
24,10,81.00,109.00,19.00,19.00,1,1,0.9527
24,11,92.00,87.00,18.00,27.00,1,1,0.8817
24,12,0.00,10.00,28.00,22.00,1,1,1.0000
25,1,71.00,108.00,14.00,17.00,1,1,0.2412
25,2,106.00,88.00,12.00,17.00,1,1,0.6127
25,3,110.00,86.00,10.00,14.00,1,1,1.0000
25,4,4.00,50.00,26.00,24.00,1,1,1.0000
25,5,50.00,9.00,19.00,25.00,1,1,0.0000
25,6,82.00,24.00,28.00,22.00,1,1,1.0000
25,7,20.00,94.00,18.00,16.00,1,1,1.0000
25,8,99.00,5.00,13.00,17.00,1,1,1.0000
25,9,57.00,14.00,24.00,28.00,1,1,0.0000
25,10,83.00,110.00,20.00,18.00,1,1,0.9567
25,11,93.00,88.00,18.00,27.00,1,1,0.8352
25,12,0.00,9.00,28.00,22.00,1,1,1.0000
26,1,73.00,108.00,14.00,17.00,1,1,0.4121
26,2,107.00,89.00,11.00,17.00,1,1,0.4855
26,3,109.00,88.00,10.00,13.00,1,1,1.0000
26,4,6.00,48.00,26.00,24.00,1,1,1.0000
26,5,51.00,8.00,19.00,25.00,1,1,0.0000
26,6,83.00,24.00,28.00,23.00,1,1,1.0000
26,7,22.00,96.00,18.00,16.00,1,1,1.0000
26,8,101.00,5.00,13.00,17.00,1,1,1.0000
26,9,57.00,16.00,25.00,28.00,1,1,0.0057
26,10,85.00,110.00,20.00,18.00,1,1,0.9596
26,11,95.00,89.00,18.00,27.00,1,1,0.7721
26,12,1.00,8.00,28.00,22.00,1,1,1.0000
27,1,75.00,108.00,14.00,17.00,1,1,0.5829
27,2,107.00,90.00,11.00,17.00,1,1,0.3862
27,3,108.00,89.00,11.00,14.00,1,1,1.0000
27,4,7.00,46.00,26.00,24.00,1,1,1.0000
27,5,52.00,8.00,19.00,25.00,1,1,0.0000
27,6,85.00,25.00,27.00,23.00,1,1,1.0000
27,7,24.00,97.00,17.00,17.00,1,1,1.0000
27,8,103.00,6.00,14.00,17.00,1,1,1.0000
27,9,58.00,17.00,24.00,28.00,1,1,0.0152
27,10,87.00,110.00,20.00,18.00,1,1,0.9670
27,11,96.00,90.00,18.00,27.00,1,1,0.6733
27,12,2.00,7.00,28.00,22.00,1,1,1.0000
28,1,77.00,108.00,14.00,17.00,1,1,0.7538
28,2,107.00,91.00,12.00,17.00,1,1,0.3403
28,3,107.00,91.00,11.00,14.00,1,1,1.0000
28,4,9.00,44.00,26.00,24.00,1,1,1.0000
28,5,53.00,7.00,19.00,25.00,1,1,0.0000
28,6,86.00,26.00,28.00,22.00,1,1,1.0000
28,7,26.00,99.00,17.00,16.00,1,1,1.0000
28,8,106.00,6.00,13.00,17.00,1,1,1.0000
28,9,58.00,19.00,25.00,28.00,1,1,0.0265
28,10,90.00,109.00,19.00,19.00,1,1,0.9782
28,11,97.00,91.00,18.00,26.00,1,1,0.5771
28,12,2.00,5.00,28.00,22.00,1,1,1.0000
29,1,79.00,108.00,14.00,17.00,1,1,0.9045
29,2,108.00,92.00,11.00,17.00,1,1,0.3406
29,3,107.00,93.00,10.00,13.00,1,1,1.0000
29,4,10.00,43.00,26.00,24.00,1,1,1.0000
29,5,54.00,6.00,19.00,26.00,1,1,0.0000
29,6,88.00,27.00,27.00,22.00,1,1,1.0000
29,7,28.00,101.00,17.00,16.00,1,1,1.0000
29,8,108.00,7.00,14.00,17.00,1,1,1.0000
29,9,59.00,20.00,24.00,28.00,1,1,0.0414
29,10,92.00,109.00,20.00,19.00,1,1,0.9819
29,11,99.00,92.00,18.00,26.00,1,1,0.4499
29,12,3.00,4.00,28.00,22.00,1,1,1.0000
30,1,81.00,108.00,14.00,17.00,1,1,1.0000
30,2,108.00,93.00,11.00,17.00,1,1,0.4375
30,3,106.00,94.00,10.00,14.00,1,1,1.0000
30,4,12.00,41.00,26.00,24.00,1,1,1.0000
30,5,55.00,6.00,19.00,25.00,1,1,0.0000
30,6,89.00,27.00,28.00,23.00,1,1,1.0000
30,7,30.00,103.00,17.00,16.00,1,1,1.0000
30,8,110.00,7.00,14.00,17.00,1,1,1.0000
30,9,59.00,22.00,25.00,28.00,1,1,0.0509
30,10,94.00,109.00,20.00,18.00,1,1,0.9855
30,11,100.00,92.00,18.00,27.00,1,1,0.3020
30,12,3.00,4.00,28.00,22.00,1,1,1.0000
31,1,83.00,108.00,14.00,17.00,1,1,1.0000
31,2,108.00,94.00,12.00,17.00,1,1,0.5282
31,3,105.00,96.00,10.00,14.00,1,1,1.0000
31,4,13.00,39.00,26.00,24.00,1,1,1.0000
31,5,56.00,5.00,19.00,25.00,1,1,0.0000
31,6,91.00,28.00,27.00,23.00,1,1,1.0000
31,7,31.00,104.00,18.00,17.00,1,1,0.9301
31,8,113.00,8.00,13.00,17.00,1,1,1.0000
31,9,60.00,23.00,24.00,28.00,1,1,0.0720
31,10,96.00,108.00,20.00,19.00,1,1,0.9891
31,11,101.00,93.00,19.00,27.00,1,1,0.1766
31,12,4.00,5.00,28.00,22.00,1,1,1.0000
32,1,85.00,108.00,14.00,17.00,1,1,1.0000
32,2,109.00,95.00,11.00,17.00,1,1,0.6377
32,3,104.00,98.00,11.00,13.00,1,1,1.0000
32,4,15.00,37.00,26.00,24.00,1,1,1.0000
32,5,57.00,4.00,19.00,26.00,1,1,0.0000
32,6,92.00,29.00,28.00,22.00,1,1,1.0000
32,7,33.00,106.00,18.00,16.00,1,1,0.8246
32,8,114.00,8.00,14.00,17.00,1,1,1.0000
32,9,60.00,25.00,24.00,28.00,1,1,0.0830
32,10,99.00,108.00,19.00,19.00,1,1,0.9455
32,11,103.00,94.00,18.00,27.00,1,1,0.1152
32,12,5.00,6.00,28.00,22.00,1,1,1.0000
33,1,87.00,108.00,14.00,17.00,1,1,1.0000
33,2,109.00,96.00,11.00,17.00,1,1,0.7413
33,3,103.00,99.00,11.00,14.00,1,1,1.0000
33,4,16.00,35.00,26.00,24.00,1,1,1.0000
33,5,58.00,4.00,19.00,25.00,1,1,0.0000
33,6,93.00,30.00,28.00,22.00,1,1,1.0000
33,7,35.00,108.00,18.00,16.00,1,1,0.7061
33,8,112.00,9.00,14.00,16.00,1,1,1.0000
33,9,61.00,27.00,24.00,27.00,1,1,0.1084
33,10,101.00,107.00,19.00,19.00,1,1,0.8272
33,11,104.00,95.00,18.00,27.00,1,1,0.1461
33,12,5.00,7.00,28.00,22.00,1,1,1.0000
34,1,89.00,108.00,14.00,17.00,1,1,1.0000
34,2,109.00,97.00,12.00,17.00,1,1,0.8252
34,3,103.00,101.00,10.00,14.00,1,1,1.0000
34,4,18.00,33.00,26.00,25.00,1,1,1.0000
34,5,59.00,3.00,19.00,25.00,1,1,0.0000
34,6,95.00,30.00,27.00,23.00,1,1,1.0000
34,7,37.00,110.00,18.00,16.00,1,1,0.5619
34,8,110.00,9.00,13.00,17.00,1,1,1.0000
34,9,61.00,28.00,24.00,28.00,1,1,0.1214
34,10,103.00,107.00,20.00,19.00,1,1,0.6964
34,11,103.00,96.00,18.00,27.00,1,1,0.0969
34,12,6.00,8.00,28.00,22.00,1,1,1.0000
35,1,91.00,108.00,14.00,17.00,1,1,1.0000
35,2,110.00,98.00,11.00,17.00,1,1,0.9353
35,3,102.00,103.00,10.00,13.00,1,1,0.9151
35,4,19.00,32.00,26.00,24.00,1,1,1.0000
35,5,60.00,3.00,19.00,25.00,1,1,0.0000
35,6,96.00,31.00,28.00,23.00,1,1,1.0000
35,7,39.00,111.00,18.00,17.00,1,1,0.4204
35,8,107.00,9.00,14.00,17.00,1,1,1.0000
35,9,62.00,30.00,24.00,27.00,1,1,0.1483
35,10,105.00,107.00,20.00,19.00,1,1,0.6331
35,11,102.00,97.00,18.00,27.00,1,1,0.1420
35,12,7.00,9.00,28.00,22.00,1,1,1.0000
36,1,93.00,108.00,14.00,17.00,1,1,1.0000
36,2,110.00,99.00,11.00,17.00,1,1,0.9718
36,3,101.00,105.00,11.00,13.00,1,1,0.6273
36,4,21.00,30.00,26.00,24.00,1,1,1.0000
36,5,61.00,2.00,19.00,25.00,1,1,0.0000
36,6,98.00,32.00,27.00,22.00,1,1,1.0000
36,7,41.00,110.00,18.00,16.00,1,1,0.2907
36,8,105.00,10.00,13.00,17.00,1,1,1.0000
36,9,62.00,31.00,24.00,28.00,1,1,0.1616
36,10,106.00,106.00,20.00,19.00,1,1,0.5929
36,11,101.00,98.00,18.00,26.00,1,1,0.1543
36,12,7.00,10.00,28.00,22.00,1,1,1.0000
37,1,95.00,108.00,14.00,17.00,1,1,1.0000
37,2,110.00,100.00,12.00,17.00,1,1,1.0000
37,3,100.00,106.00,11.00,14.00,1,1,0.3036
37,4,22.00,28.00,26.00,24.00,1,1,0.9553
37,5,62.00,1.00,19.00,25.00,1,1,0.0000
37,6,99.00,33.00,28.00,22.00,1,1,1.0000
37,7,43.00,108.00,18.00,16.00,1,1,0.1659
37,8,103.00,10.00,13.00,17.00,1,1,1.0000
37,9,63.00,33.00,24.00,28.00,1,1,0.1901
37,10,104.00,106.00,19.00,19.00,1,1,0.4712
37,11,99.00,99.00,18.00,26.00,1,1,0.1514
37,12,8.00,11.00,28.00,22.00,1,1,1.0000
38,1,97.00,108.00,14.00,17.00,1,1,1.0000
38,2,111.00,101.00,11.00,17.00,1,1,1.0000
38,3,99.00,108.00,11.00,14.00,1,1,0.0273
38,4,24.00,26.00,26.00,24.00,1,1,0.8650
38,5,63.00,1.00,19.00,25.00,1,1,0.0270
38,6,101.00,33.00,27.00,23.00,1,1,1.0000
38,7,45.00,106.00,18.00,16.00,1,1,0.0664
38,8,100.00,11.00,14.00,17.00,1,1,1.0000
38,9,63.00,34.00,24.00,28.00,1,1,0.2045
38,10,102.00,106.00,19.00,18.00,1,1,0.3690
38,11,98.00,100.00,18.00,26.00,1,1,0.1676
38,12,8.00,12.00,28.00,22.00,1,1,1.0000
39,1,99.00,108.00,14.00,17.00,1,1,1.0000
39,2,111.00,102.00,11.00,17.00,1,1,1.0000
39,3,99.00,110.00,10.00,13.00,1,1,0.0187
39,4,25.00,24.00,26.00,24.00,1,1,0.7633
39,5,64.00,2.00,19.00,25.00,1,1,0.0658
39,6,102.00,34.00,26.00,23.00,1,1,1.0000
39,7,47.00,104.00,18.00,17.00,1,1,0.0000
39,8,98.00,11.00,13.00,17.00,1,1,1.0000
39,9,64.00,36.00,24.00,28.00,1,1,0.2348
39,10,99.00,105.00,20.00,19.00,1,1,0.2419
39,11,97.00,100.00,18.00,27.00,1,1,0.2676
39,12,9.00,13.00,28.00,22.00,1,1,1.0000
40,1,101.00,108.00,14.00,17.00,1,1,1.0000
40,2,111.00,103.00,12.00,17.00,1,1,0.9091
40,3,98.00,111.00,10.00,14.00,1,1,0.3545
40,4,27.00,23.00,26.00,24.00,1,1,0.6564
40,5,65.00,2.00,19.00,26.00,1,1,0.1165
40,6,102.00,35.00,26.00,22.00,1,1,1.0000
40,7,49.00,103.00,18.00,16.00,1,1,0.0000
40,8,96.00,12.00,13.00,16.00,1,1,1.0000
40,9,64.00,37.00,24.00,28.00,1,1,0.2524
40,10,97.00,105.00,20.00,19.00,1,1,0.2357
40,11,95.00,101.00,18.00,27.00,1,1,0.2550
40,12,10.00,14.00,28.00,22.00,1,1,1.0000
41,1,103.00,108.00,14.00,17.00,1,1,1.0000
41,2,112.00,104.00,11.00,17.00,1,1,0.7589
41,3,97.00,113.00,11.00,14.00,1,1,0.6847
41,4,28.00,21.00,26.00,24.00,1,1,0.5720
41,5,66.00,3.00,19.00,25.00,1,1,0.1662
41,6,100.00,36.00,28.00,22.00,1,1,1.0000
41,7,51.00,101.00,18.00,16.00,1,1,0.0000
41,8,93.00,12.00,14.00,17.00,1,1,1.0000
41,9,65.00,39.00,24.00,28.00,1,1,0.2827
41,10,95.00,104.00,20.00,19.00,1,1,0.3491
41,11,94.00,102.00,18.00,26.00,1,1,0.2393
41,12,10.00,15.00,28.00,22.00,1,1,1.0000
42,1,105.00,108.00,14.00,17.00,1,1,1.0000
42,2,112.00,105.00,11.00,17.00,1,1,0.5563
42,3,96.00,115.00,11.00,13.00,1,1,0.9369
42,4,30.00,19.00,26.00,24.00,1,1,0.4960
42,5,67.00,4.00,19.00,25.00,1,1,0.2274
42,6,99.00,36.00,28.00,23.00,1,1,1.0000
42,7,53.00,99.00,17.00,16.00,1,1,0.0000
42,8,91.00,12.00,13.00,17.00,1,1,1.0000
42,9,65.00,40.00,24.00,28.00,1,1,0.3023
42,10,93.00,104.00,19.00,19.00,1,1,0.5307
42,11,93.00,103.00,18.00,25.00,1,1,0.1799
42,12,11.00,16.00,28.00,22.00,1,1,1.0000
43,1,107.00,108.00,14.00,17.00,1,1,1.0000
43,2,112.00,106.00,12.00,17.00,1,1,0.3380
43,3,96.00,115.00,10.00,13.00,1,1,1.0000
43,4,31.00,17.00,26.00,24.00,1,1,0.4442
43,5,68.00,4.00,19.00,25.00,1,1,0.2908
43,6,98.00,37.00,27.00,23.00,1,1,1.0000
43,7,55.00,97.00,17.00,17.00,1,1,0.0000
43,8,88.00,13.00,14.00,17.00,1,1,1.0000
43,9,66.00,42.00,24.00,28.00,1,1,0.3264
43,10,91.00,104.00,19.00,19.00,1,1,0.7196
43,11,91.00,104.00,18.00,24.00,1,1,0.1935
43,12,12.00,17.00,28.00,22.00,1,1,1.0000
44,1,109.00,108.00,14.00,17.00,1,1,1.0000
44,2,113.00,107.00,11.00,17.00,1,1,0.1071
44,3,95.00,113.00,10.00,14.00,1,1,1.0000
44,4,33.00,15.00,26.00,24.00,1,1,0.3980
44,5,69.00,5.00,19.00,25.00,1,1,0.3505
44,6,96.00,38.00,28.00,22.00,1,1,1.0000
44,7,57.00,96.00,17.00,16.00,1,1,0.0000
44,8,86.00,13.00,14.00,17.00,1,1,0.9942
44,9,66.00,44.00,24.00,27.00,1,1,0.3524
44,10,88.00,103.00,20.00,19.00,1,1,0.7446
44,11,90.00,105.00,18.00,23.00,1,1,0.2615
44,12,12.00,18.00,28.00,22.00,1,1,1.0000
45,1,111.00,108.00,14.00,17.00,1,1,1.0000
45,2,113.00,108.00,11.00,17.00,1,1,0.0000
45,3,94.00,112.00,10.00,13.00,1,1,1.0000
45,4,34.00,13.00,26.00,24.00,1,1,0.3776
45,5,70.00,6.00,19.00,25.00,1,1,0.4231
45,6,95.00,39.00,27.00,22.00,1,1,1.0000
45,7,58.00,94.00,18.00,16.00,1,1,0.0000
45,8,84.00,14.00,13.00,17.00,1,1,0.8012
45,9,66.00,45.00,25.00,28.00,1,1,0.3759
45,10,86.00,103.00,20.00,19.00,1,1,0.7040
45,11,89.00,106.00,18.00,22.00,1,1,0.3419
45,12,13.00,19.00,28.00,22.00,1,1,1.0000
46,1,113.00,108.00,14.00,17.00,1,1,1.0000
46,2,113.00,109.00,12.00,17.00,1,1,0.0282
46,3,93.00,110.00,11.00,14.00,1,1,1.0000
46,4,36.00,12.00,26.00,24.00,1,1,0.3544
46,5,71.00,6.00,19.00,25.00,1,1,0.4905
46,6,93.00,39.00,28.00,23.00,1,1,1.0000
46,7,60.00,92.00,18.00,16.00,1,1,0.0000
46,8,81.00,14.00,14.00,17.00,1,1,0.5059
46,9,67.00,47.00,24.00,27.00,1,1,0.4000
46,10,84.00,103.00,20.00,18.00,1,1,0.6606
46,11,87.00,106.00,18.00,22.00,1,1,0.4180
46,12,13.00,20.00,28.00,22.00,1,1,1.0000
47,1,112.00,108.00,14.00,17.00,1,1,1.0000
47,2,114.00,110.00,11.00,17.00,1,1,0.0851
47,3,92.00,108.00,11.00,14.00,1,1,1.0000
47,4,37.00,10.00,26.00,24.00,1,1,0.3299
47,5,72.00,7.00,19.00,25.00,1,1,0.5586
47,6,92.00,40.00,27.00,23.00,1,1,1.0000
47,7,62.00,90.00,18.00,17.00,1,1,0.0000
47,8,79.00,15.00,14.00,17.00,1,1,0.1775
47,9,67.00,48.00,25.00,28.00,1,1,0.4245
47,10,82.00,102.00,19.00,19.00,1,1,0.6953
47,11,86.00,105.00,18.00,23.00,1,1,0.4294
47,12,14.00,22.00,28.00,22.00,1,1,1.0000
48,1,110.00,108.00,14.00,17.00,1,1,1.0000
48,2,114.00,109.00,11.00,17.00,1,1,0.1277
48,3,92.00,107.00,10.00,13.00,1,1,1.0000
48,4,39.00,8.00,26.00,24.00,1,1,0.2652
48,5,73.00,7.00,20.00,26.00,1,1,0.6311
48,6,90.00,41.00,28.00,22.00,1,1,1.0000
48,7,64.00,89.00,18.00,16.00,1,1,0.0267
48,8,77.00,15.00,13.00,17.00,1,1,0.0000
48,9,68.00,50.00,24.00,27.00,1,1,0.4478
48,10,79.00,102.00,20.00,19.00,1,1,0.7112
48,11,84.00,104.00,19.00,24.00,1,1,0.4264
48,12,15.00,23.00,28.00,22.00,1,1,1.0000
49,1,108.00,108.00,14.00,17.00,1,1,1.0000
49,2,114.00,108.00,12.00,17.00,1,1,0.3759
49,3,91.00,105.00,10.00,13.00,1,1,1.0000
49,4,40.00,6.00,26.00,24.00,1,1,0.2012
49,5,74.00,8.00,20.00,25.00,1,1,0.6946
49,6,89.00,42.00,28.00,22.00,1,1,1.0000
49,7,66.00,87.00,18.00,16.00,1,1,0.1087
49,8,74.00,16.00,14.00,16.00,1,1,0.0000
49,9,68.00,51.00,25.00,28.00,1,1,0.4737
49,10,77.00,101.00,20.00,19.00,1,1,0.6810
49,11,83.00,103.00,18.00,25.00,1,1,0.4145
49,12,15.00,24.00,28.00,22.00,1,1,1.0000
