1,1,21.00,67.00,25.00,25.00,1,1,0.4286
1,2,91.00,54.00,13.00,14.00,1,1,1.0000
1,3,49.00,18.00,24.00,10.00,1,1,0.0000
1,4,110.00,71.00,12.00,12.00,1,1,1.0000
1,5,19.00,73.00,23.00,17.00,1,1,1.0000
1,6,64.00,70.00,27.00,21.00,1,1,0.1295
1,7,86.00,36.00,18.00,16.00,1,1,1.0000
1,8,113.00,55.00,12.00,10.00,1,1,1.0000
1,9,100.00,81.00,14.00,10.00,1,1,1.0000
1,10,102.00,64.00,17.00,17.00,1,1,0.7313
2,1,23.00,67.00,25.00,25.00,1,1,0.3755
2,2,88.00,54.00,14.00,13.00,1,1,1.0000
2,3,50.00,21.00,24.00,10.00,1,1,0.0000
2,4,109.00,69.00,12.00,13.00,1,1,1.0000
2,5,20.00,74.00,23.00,17.00,1,1,0.9755
2,6,66.00,70.00,27.00,21.00,1,1,0.2104
2,7,88.00,35.00,18.00,17.00,1,1,1.0000
2,8,111.00,54.00,12.00,10.00,1,1,1.0000
2,9,101.00,80.00,14.00,10.00,1,1,1.0000
2,10,101.00,66.00,18.00,17.00,1,1,0.5708
3,1,25.00,67.00,25.00,25.00,1,1,0.3265
3,2,86.00,54.00,13.00,13.00,1,1,1.0000
3,3,51.00,23.00,24.00,10.00,1,1,0.0000
3,4,109.00,68.00,11.00,12.00,1,1,1.0000
3,5,21.00,75.00,24.00,17.00,1,1,0.9433
3,6,68.00,70.00,27.00,21.00,1,1,0.3052
3,7,91.00,34.00,17.00,17.00,1,1,1.0000
3,8,109.00,52.00,12.00,10.00,1,1,1.0000
3,9,103.00,80.00,13.00,10.00,1,1,1.0000
3,10,100.00,68.00,18.00,17.00,1,1,0.4670
4,1,27.00,67.00,25.00,25.00,1,1,0.3061
4,2,84.00,53.00,13.00,14.00,1,1,0.8968
4,3,52.00,25.00,24.00,10.00,1,1,0.0000
4,4,108.00,66.00,12.00,13.00,1,1,1.0000
4,5,22.00,76.00,24.00,17.00,1,1,0.8956
4,6,70.00,70.00,28.00,20.00,1,1,0.4018
4,7,93.00,34.00,17.00,16.00,1,1,1.0000
4,8,107.00,51.00,12.00,10.00,1,1,1.0000
4,9,104.00,79.00,14.00,10.00,1,1,1.0000
4,10,99.00,70.00,18.00,17.00,1,1,0.4823
5,1,29.00,67.00,25.00,25.00,1,1,0.2857
5,2,81.00,53.00,14.00,13.00,1,1,0.7063
5,3,53.00,27.00,24.00,11.00,1,1,0.0000
5,4,107.00,65.00,12.00,12.00,1,1,1.0000
5,5,24.00,78.00,23.00,16.00,1,1,0.8512
5,6,72.00,70.00,28.00,20.00,1,1,0.5023
5,7,95.00,33.00,18.00,16.00,1,1,1.0000
5,8,105.00,49.00,12.00,10.00,1,1,1.0000
5,9,105.00,78.00,14.00,10.00,1,1,1.0000
5,10,98.00,73.00,18.00,16.00,1,1,0.5619
6,1,31.00,67.00,25.00,25.00,1,1,0.2551
6,2,79.00,53.00,13.00,13.00,1,1,0.4762
6,3,54.00,30.00,24.00,10.00,1,1,0.0000
6,4,106.00,63.00,12.00,13.00,1,1,1.0000
6,5,25.00,79.00,23.00,16.00,1,1,0.7992
6,6,74.00,70.00,28.00,20.00,1,1,0.5982
6,7,97.00,32.00,18.00,17.00,1,1,0.9868
6,8,103.00,48.00,12.00,10.00,1,1,1.0000
6,9,106.00,78.00,14.00,10.00,1,1,1.0000
6,10,97.00,75.00,18.00,16.00,1,1,0.5683
7,1,33.00,67.00,25.00,25.00,1,1,0.2204
7,2,77.00,52.00,13.00,14.00,1,1,0.2540
7,3,55.00,32.00,24.00,10.00,1,1,0.0000
7,4,106.00,62.00,12.00,12.00,1,1,1.0000
7,5,26.00,80.00,23.00,17.00,1,1,0.7409
7,6,77.00,70.00,27.00,20.00,1,1,0.6979
7,7,99.00,32.00,18.00,16.00,1,1,0.9600
7,8,101.00,46.00,12.00,10.00,1,1,1.0000
7,9,108.00,77.00,13.00,10.00,1,1,1.0000
7,10,96.00,77.00,18.00,16.00,1,1,0.5511
8,1,35.00,67.00,25.00,25.00,1,1,0.1714
8,2,74.00,52.00,14.00,14.00,1,1,0.0703
8,3,56.00,34.00,24.00,10.00,1,1,0.0000
8,4,105.00,60.00,12.00,12.00,1,1,1.0000
8,5,27.00,81.00,23.00,17.00,1,1,0.6883
8,6,79.00,70.00,27.00,20.00,1,1,0.7877
8,7,102.00,31.00,17.00,16.00,1,1,0.9865
8,8,99.00,45.00,12.00,10.00,1,1,1.0000
8,9,109.00,76.00,14.00,10.00,1,1,1.0000
8,10,95.00,79.00,18.00,17.00,1,1,0.5903
9,1,37.00,67.00,25.00,25.00,1,1,0.1204
9,2,72.00,52.00,13.00,13.00,1,1,0.0000
9,3,57.00,37.00,24.00,10.00,1,1,0.0000
9,4,104.00,58.00,12.00,13.00,1,1,1.0000
9,5,28.00,82.00,23.00,17.00,1,1,0.6275
9,6,81.00,70.00,27.00,20.00,1,1,0.8739
9,7,104.00,30.00,17.00,16.00,1,1,1.0000
9,8,97.00,43.00,12.00,10.00,1,1,1.0000
9,9,110.00,75.00,14.00,10.00,1,1,1.0000
9,10,94.00,81.00,18.00,17.00,1,1,0.6201
10,1,39.00,67.00,25.00,25.00,1,1,0.0612
10,2,70.00,51.00,13.00,14.00,1,1,0.0000
10,3,58.00,39.00,24.00,10.00,1,1,0.0000
10,4,104.00,57.00,11.00,12.00,1,1,1.0000
10,5,29.00,84.00,23.00,16.00,1,1,0.5650
10,6,83.00,69.00,28.00,21.00,1,1,0.9431
10,7,106.00,29.00,18.00,17.00,1,1,1.0000
10,8,95.00,42.00,12.00,10.00,1,1,1.0000
10,9,111.00,75.00,14.00,10.00,1,1,1.0000
10,10,93.00,83.00,18.00,17.00,1,1,0.6844
11,1,41.00,67.00,25.00,25.00,1,1,0.0102
11,2,67.00,51.00,14.00,14.00,1,1,0.0000
11,3,59.00,41.00,24.00,10.00,1,1,0.0000
11,4,103.00,55.00,12.00,13.00,1,1,1.0000
11,5,30.00,85.00,24.00,16.00,1,1,0.5082
11,6,85.00,69.00,28.00,21.00,1,1,0.9909
11,7,108.00,29.00,18.00,16.00,1,1,1.0000
11,8,93.00,40.00,12.00,10.00,1,1,1.0000
11,9,113.00,74.00,13.00,10.00,1,1,1.0000
11,10,92.00,85.00,18.00,17.00,1,1,0.8009
12,1,43.00,67.00,25.00,25.00,1,1,0.0000
12,2,65.00,51.00,13.00,13.00,1,1,0.0000
12,3,60.00,43.00,23.00,11.00,1,1,0.0000
12,4,102.00,54.00,12.00,12.00,1,1,1.0000
12,5,31.00,86.00,24.00,17.00,1,1,0.4431
12,6,87.00,69.00,28.00,21.00,1,1,0.9910
12,7,110.00,28.00,18.00,16.00,1,1,1.0000
12,8,91.00,39.00,12.00,10.00,1,1,1.0000
12,9,113.00,73.00,14.00,10.00,1,1,1.0000
12,10,91.00,87.00,18.00,17.00,1,1,0.9251
13,1,45.00,67.00,25.00,25.00,1,1,0.0000
13,2,63.00,51.00,13.00,13.00,1,1,0.0000
13,3,60.00,46.00,24.00,10.00,1,1,0.0000
13,4,101.00,52.00,12.00,13.00,1,1,1.0000
13,5,33.00,87.00,23.00,17.00,1,1,0.3790
13,6,90.00,69.00,27.00,21.00,1,1,0.9412
13,7,109.00,27.00,17.00,17.00,1,1,1.0000
13,8,89.00,37.00,12.00,10.00,1,1,1.0000
13,9,112.00,73.00,14.00,10.00,1,1,1.0000
13,10,90.00,90.00,18.00,16.00,1,1,1.0000
14,1,47.00,67.00,25.00,25.00,1,1,0.0000
14,2,60.00,50.00,14.00,14.00,1,1,0.0000
14,3,61.00,48.00,24.00,10.00,1,1,0.0000
14,4,101.00,51.00,12.00,12.00,1,1,1.0000
14,5,34.00,88.00,23.00,17.00,1,1,0.3211
14,6,92.00,69.00,27.00,21.00,1,1,0.8790
14,7,107.00,26.00,17.00,17.00,1,1,1.0000
14,8,87.00,36.00,12.00,10.00,1,1,1.0000
14,9,111.00,72.00,14.00,10.00,1,1,1.0000
14,10,89.00,92.00,18.00,16.00,1,1,1.0000
15,1,49.00,67.00,25.00,25.00,1,1,0.0000
15,2,58.00,50.00,13.00,13.00,1,1,0.0000
15,3,62.00,50.00,24.00,10.00,1,1,0.0000
15,4,100.00,49.00,12.00,13.00,1,1,1.0000
15,5,35.00,89.00,23.00,17.00,1,1,0.2582
15,6,94.00,69.00,27.00,21.00,1,1,0.8231
15,7,104.00,26.00,18.00,16.00,1,1,1.0000
15,8,85.00,34.00,12.00,10.00,1,1,0.9789
15,9,110.00,71.00,13.00,10.00,1,1,1.0000
15,10,88.00,94.00,18.00,16.00,1,1,1.0000
16,1,51.00,67.00,25.00,25.00,1,1,0.0000
16,2,56.00,50.00,13.00,13.00,1,1,0.0000
16,3,63.00,53.00,24.00,10.00,1,1,0.0214
16,4,99.00,48.00,12.00,12.00,1,1,1.0000
16,5,36.00,91.00,23.00,16.00,1,1,0.2008
16,6,96.00,69.00,28.00,21.00,1,1,0.7703
16,7,102.00,25.00,18.00,16.00,1,1,1.0000
16,8,83.00,33.00,12.00,10.00,1,1,0.8556
16,9,108.00,70.00,14.00,11.00,1,1,1.0000
16,10,87.00,96.00,18.00,17.00,1,1,1.0000
17,1,53.00,67.00,25.00,25.00,1,1,0.0000
17,2,53.00,49.00,14.00,14.00,1,1,0.0000
17,3,64.00,55.00,24.00,10.00,1,1,0.0421
17,4,99.00,46.00,11.00,12.00,1,1,1.0000
17,5,37.00,92.00,23.00,16.00,1,1,0.1488
17,6,98.00,69.00,28.00,21.00,1,1,0.7494
17,7,100.00,24.00,18.00,17.00,1,1,1.0000
17,8,81.00,31.00,12.00,10.00,1,1,0.6489
17,9,107.00,70.00,14.00,10.00,1,1,1.0000
17,10,86.00,98.00,18.00,17.00,1,1,1.0000
18,1,55.00,67.00,25.00,25.00,1,1,0.0000
18,2,51.00,49.00,13.00,14.00,1,1,0.0000
18,3,65.00,57.00,24.00,10.00,1,1,0.0745
18,4,98.00,44.00,12.00,13.00,1,1,1.0000
18,5,38.00,93.00,23.00,17.00,1,1,0.1070
18,6,99.00,69.00,28.00,21.00,1,1,0.7511
18,7,98.00,24.00,17.00,16.00,1,1,1.0000
18,8,80.00,30.00,11.00,10.00,1,1,0.4556
18,9,106.00,69.00,14.00,10.00,1,1,1.0000
18,10,86.00,100.00,17.00,17.00,1,1,1.0000
19,1,57.00,67.00,25.00,25.00,1,1,0.0000
19,2,49.00,49.00,13.00,13.00,1,1,0.0000
19,3,66.00,59.00,24.00,10.00,1,1,0.1277
19,4,97.00,43.00,12.00,12.00,1,1,1.0000
19,5,39.00,94.00,24.00,17.00,1,1,0.0653
19,6,97.00,69.00,27.00,20.00,1,1,0.7722
19,7,96.00,23.00,17.00,16.00,1,1,1.0000
19,8,78.00,28.00,12.00,10.00,1,1,0.2526
19,9,105.00,68.00,13.00,10.00,1,1,1.0000
19,10,85.00,102.00,17.00,17.00,1,1,0.9690
20,1,59.00,67.00,25.00,25.00,1,1,0.0000
20,2,46.00,48.00,14.00,14.00,1,1,0.0000
20,3,67.00,62.00,24.00,10.00,1,1,0.1543
20,4,96.00,41.00,12.00,13.00,1,1,1.0000
20,5,40.00,95.00,24.00,17.00,1,1,0.0323
20,6,95.00,69.00,27.00,20.00,1,1,0.7872
20,7,93.00,22.00,18.00,17.00,1,1,1.0000
20,8,76.00,26.00,12.00,11.00,1,1,0.0860
20,9,103.00,68.00,14.00,10.00,1,1,1.0000
20,10,84.00,104.00,17.00,17.00,1,1,0.9214
21,1,61.00,67.00,25.00,25.00,1,1,0.0000
21,2,44.00,48.00,13.00,14.00,1,1,0.0000
21,3,68.00,64.00,24.00,10.00,1,1,0.2031
21,4,96.00,40.00,12.00,12.00,1,1,1.0000
21,5,42.00,97.00,23.00,16.00,1,1,0.0000
21,6,93.00,69.00,27.00,20.00,1,1,0.8101
21,7,91.00,21.00,18.00,17.00,1,1,1.0000
21,8,74.00,25.00,12.00,10.00,1,1,0.0000
21,9,102.00,67.00,14.00,10.00,1,1,1.0000
21,10,83.00,107.00,17.00,16.00,1,1,0.8634
22,1,63.00,67.00,25.00,25.00,1,1,0.0367
22,2,42.00,48.00,13.00,13.00,1,1,0.0000
22,3,69.00,66.00,24.00,10.00,1,1,0.2340
22,4,95.00,38.00,12.00,13.00,1,1,1.0000
22,5,43.00,98.00,23.00,16.00,1,1,0.0000
22,6,90.00,69.00,28.00,20.00,1,1,0.8440
22,7,89.00,21.00,18.00,16.00,1,1,1.0000
22,8,72.00,23.00,12.00,10.00,1,1,0.0000
22,9,101.00,66.00,14.00,10.00,1,1,1.0000
22,10,82.00,109.00,17.00,16.00,1,1,0.8072
23,1,65.00,67.00,25.00,25.00,1,1,0.1020
23,2,39.00,48.00,14.00,13.00,1,1,0.1496
23,3,70.00,69.00,24.00,10.00,1,1,0.2216
23,4,94.00,37.00,12.00,12.00,1,1,1.0000
23,5,44.00,99.00,23.00,17.00,1,1,0.0000
23,6,88.00,69.00,28.00,20.00,1,1,0.8009
23,7,87.00,20.00,17.00,16.00,1,1,1.0000
23,8,70.00,22.00,12.00,10.00,1,1,0.0000
23,9,100.00,66.00,13.00,10.00,1,1,1.0000
23,10,81.00,111.00,17.00,16.00,1,1,0.7387
24,1,67.00,67.00,25.00,25.00,1,1,0.1837
24,2,37.00,47.00,13.00,14.00,1,1,0.3492
24,3,71.00,71.00,24.00,10.00,1,1,0.1217
24,4,94.00,35.00,11.00,12.00,1,1,1.0000
24,5,45.00,100.00,23.00,17.00,1,1,0.0000
24,6,86.00,69.00,28.00,20.00,1,1,0.7227
24,7,84.00,19.00,18.00,17.00,1,1,0.9604
24,8,68.00,20.00,12.00,10.00,1,1,0.0000
24,9,98.00,65.00,14.00,10.00,1,1,1.0000
24,10,80.00,109.00,17.00,17.00,1,1,0.6711
25,1,69.00,67.00,25.00,25.00,1,1,0.2755
25,2,35.00,47.00,13.00,13.00,1,1,0.5714
25,3,72.00,73.00,24.00,10.00,1,1,0.0521
25,4,93.00,33.00,12.00,13.00,1,1,0.9820
25,5,46.00,101.00,23.00,17.00,1,1,0.0000
25,6,84.00,69.00,27.00,20.00,1,1,0.6276
25,7,82.00,18.00,18.00,17.00,1,1,0.8428
25,8,66.00,19.00,12.00,10.00,1,1,0.0000
25,9,97.00,64.00,14.00,10.00,1,1,1.0000
25,10,79.00,107.00,17.00,17.00,1,1,0.6079
26,1,71.00,67.00,25.00,25.00,1,1,0.3755
26,2,32.00,47.00,14.00,13.00,1,1,0.7920
26,3,73.00,75.00,24.00,10.00,1,1,0.0158
26,4,92.00,32.00,12.00,12.00,1,1,0.9909
26,5,47.00,102.00,23.00,17.00,1,1,0.0000
26,6,82.00,68.00,27.00,21.00,1,1,0.5046
26,7,80.00,18.00,18.00,16.00,1,1,0.7018
26,8,64.00,17.00,12.00,10.00,1,1,0.0000
26,9,96.00,63.00,14.00,10.00,1,1,1.0000
26,10,78.00,105.00,17.00,17.00,1,1,0.5351
27,1,73.00,67.00,25.00,25.00,1,1,0.4776
27,2,30.00,46.00,13.00,14.00,1,1,0.9609
27,3,74.00,78.00,24.00,10.00,1,1,0.0000
27,4,91.00,30.00,12.00,13.00,1,1,1.0000
27,5,48.00,104.00,24.00,16.00,1,1,0.0000
27,6,80.00,68.00,27.00,21.00,1,1,0.3318
27,7,78.00,17.00,17.00,16.00,1,1,0.5422
27,8,62.00,16.00,12.00,10.00,1,1,0.0000
27,9,95.00,63.00,14.00,10.00,1,1,1.0000
27,10,77.00,103.00,17.00,17.00,1,1,0.4609
28,1,75.00,67.00,25.00,25.00,1,1,0.5796
28,2,28.00,46.00,13.00,13.00,1,1,1.0000
28,3,75.00,80.00,24.00,10.00,1,1,0.0000
28,4,91.00,29.00,12.00,12.00,1,1,1.0000
28,5,49.00,105.00,24.00,16.00,1,1,0.0000
28,6,77.00,68.00,28.00,21.00,1,1,0.1625
28,7,76.00,16.00,17.00,17.00,1,1,0.3877
28,8,60.00,14.00,12.00,10.00,1,1,0.0000
28,9,93.00,62.00,14.00,10.00,1,1,0.9910
28,10,76.00,101.00,17.00,17.00,1,1,0.3877
29,1,77.00,67.00,25.00,25.00,1,1,0.6796
29,2,25.00,46.00,14.00,13.00,1,1,1.0000
29,3,76.00,82.00,24.00,10.00,1,1,0.0159
29,4,90.00,27.00,12.00,13.00,1,1,1.0000
29,5,51.00,106.00,23.00,17.00,1,1,0.0000
29,6,75.00,68.00,28.00,21.00,1,1,0.0157
29,7,73.00,16.00,18.00,16.00,1,1,0.2321
29,8,58.00,13.00,12.00,10.00,1,1,0.0000
29,9,92.00,61.00,14.00,10.00,1,1,0.9266
29,10,75.00,99.00,17.00,16.00,1,1,0.3229
30,1,79.00,67.00,25.00,25.00,1,1,0.7755
30,2,23.00,45.00,13.00,14.00,1,1,1.0000
30,3,77.00,84.00,24.00,11.00,1,1,0.1818
30,4,89.00,26.00,12.00,12.00,1,1,1.0000
30,5,52.00,105.00,23.00,17.00,1,1,0.0000
30,6,73.00,68.00,28.00,21.00,1,1,0.0000
30,7,71.00,15.00,18.00,16.00,1,1,0.1048
30,8,56.00,11.00,12.00,10.00,1,1,0.0000
30,9,91.00,61.00,14.00,10.00,1,1,0.8532
30,10,74.00,97.00,17.00,16.00,1,1,0.2545
31,1,81.00,67.00,25.00,25.00,1,1,0.8633
31,2,21.00,45.00,13.00,14.00,1,1,1.0000
31,3,78.00,87.00,24.00,10.00,1,1,0.4043
31,4,89.00,24.00,11.00,13.00,1,1,1.0000
31,5,53.00,104.00,23.00,17.00,1,1,0.0000
31,6,71.00,68.00,28.00,21.00,1,1,0.0000
31,7,69.00,14.00,18.00,17.00,1,1,0.0088
31,8,54.00,10.00,12.00,10.00,1,1,0.0000
31,9,90.00,60.00,14.00,10.00,1,1,0.8257
31,10,73.00,95.00,17.00,16.00,1,1,0.1749
32,1,83.00,67.00,25.00,25.00,1,1,0.9367
32,2,18.00,45.00,13.00,13.00,1,1,1.0000
32,3,79.00,89.00,24.00,10.00,1,1,0.6250
32,4,88.00,23.00,12.00,12.00,1,1,1.0000
32,5,54.00,103.00,23.00,16.00,1,1,0.0000
32,6,69.00,68.00,27.00,21.00,1,1,0.0068
32,7,67.00,13.00,17.00,17.00,1,1,0.0000
32,8,52.00,8.00,12.00,10.00,1,1,0.0000
32,9,88.00,59.00,14.00,10.00,1,1,0.8571
32,10,72.00,92.00,17.00,17.00,1,1,0.0762
33,1,85.00,67.00,25.00,25.00,1,1,0.9898
33,2,16.00,44.00,13.00,14.00,1,1,1.0000
33,3,80.00,91.00,24.00,10.00,1,1,0.7849
33,4,87.00,21.00,12.00,12.00,1,1,1.0000
33,5,55.00,102.00,23.00,16.00,1,1,0.0000
33,6,67.00,68.00,27.00,21.00,1,1,0.0250
33,7,65.00,13.00,17.00,16.00,1,1,0.0000
33,8,50.00,7.00,12.00,10.00,1,1,0.0000
33,9,87.00,58.00,14.00,11.00,1,1,0.9189
33,10,71.00,90.00,17.00,17.00,1,1,0.0088
34,1,87.00,67.00,25.00,25.00,1,1,1.0000
34,2,14.00,44.00,13.00,14.00,1,1,1.0000
34,3,81.00,94.00,24.00,10.00,1,1,0.8298
34,4,86.00,19.00,12.00,13.00,1,1,1.0000
34,5,56.00,100.00,23.00,17.00,1,1,0.0000
34,6,64.00,68.00,28.00,21.00,1,1,0.0636
34,7,62.00,12.00,18.00,16.00,1,1,0.0000
34,8,48.00,5.00,12.00,10.00,1,1,0.0000
34,9,86.00,58.00,14.00,10.00,1,1,0.9823
34,10,70.00,88.00,17.00,17.00,1,1,0.0132
35,1,89.00,67.00,25.00,25.00,1,1,1.0000
35,2,11.00,44.00,13.00,13.00,1,1,1.0000
35,3,82.00,96.00,24.00,10.00,1,1,0.8830
35,4,86.00,18.00,12.00,12.00,1,1,1.0000
35,5,57.00,99.00,24.00,17.00,1,1,0.0000
35,6,62.00,68.00,28.00,20.00,1,1,0.0776
35,7,60.00,11.00,18.00,17.00,1,1,0.0000
35,8,46.00,4.00,12.00,10.00,1,1,0.0000
35,9,85.00,57.00,14.00,10.00,1,1,0.9541
35,10,69.00,86.00,17.00,17.00,1,1,0.0000
36,1,91.00,67.00,25.00,25.00,1,1,1.0000
36,2,9.00,44.00,13.00,13.00,1,1,1.0000
36,3,83.00,98.00,24.00,10.00,1,1,0.9158
36,4,85.00,16.00,12.00,13.00,1,1,0.9558
36,5,58.00,98.00,24.00,17.00,1,1,0.0000
36,6,60.00,68.00,28.00,20.00,1,1,0.0273
36,7,58.00,11.00,18.00,16.00,1,1,0.0000
36,8,44.00,2.00,12.00,10.00,1,1,0.0000
36,9,83.00,56.00,14.00,10.00,1,1,0.8545
36,10,68.00,84.00,17.00,17.00,1,1,0.0000
37,1,93.00,67.00,25.00,25.00,1,1,1.0000
37,2,7.00,43.00,13.00,14.00,1,1,1.0000
37,3,84.00,100.00,24.00,10.00,1,1,0.9462
37,4,84.00,15.00,12.00,12.00,1,1,0.9000
37,5,60.00,97.00,23.00,17.00,1,1,0.0000
37,6,58.00,68.00,28.00,20.00,1,1,0.0000
37,7,56.00,10.00,17.00,16.00,1,1,0.0000
37,8,42.00,1.00,12.00,10.00,1,1,0.0000
37,9,82.00,56.00,14.00,10.00,1,1,0.7727
37,10,67.00,82.00,17.00,17.00,1,1,0.0000
38,1,95.00,67.00,25.00,25.00,1,1,1.0000
38,2,4.00,43.00,13.00,13.00,1,1,1.0000
38,3,85.00,103.00,24.00,10.00,1,1,0.9787
38,4,84.00,13.00,11.00,13.00,1,1,0.8624
38,5,61.00,96.00,23.00,16.00,1,1,0.0000
38,6,56.00,68.00,27.00,20.00,1,1,0.0000
38,7,54.00,9.00,17.00,16.00,1,1,0.0000
38,8,40.00,2.00,12.00,10.00,1,1,0.0938
38,9,81.00,55.00,14.00,10.00,1,1,0.6518
38,10,66.00,80.00,17.00,16.00,1,1,0.0000
39,1,97.00,67.00,25.00,25.00,1,1,1.0000
39,2,2.00,43.00,13.00,13.00,1,1,1.0000
39,3,86.00,105.00,24.00,10.00,1,1,1.0000
39,4,83.00,12.00,12.00,12.00,1,1,0.7838
39,5,62.00,95.00,23.00,16.00,1,1,0.0000
39,6,54.00,68.00,27.00,20.00,1,1,0.0000
39,7,51.00,8.00,18.00,17.00,1,1,0.0000
39,8,38.00,3.00,12.00,10.00,1,1,0.2632
39,9,80.00,54.00,14.00,10.00,1,1,0.5556
39,10,65.00,78.00,17.00,16.00,1,1,0.0000
40,1,99.00,67.00,25.00,25.00,1,1,1.0000
40,2,4.00,42.00,13.00,14.00,1,1,1.0000
40,3,87.00,107.00,23.00,10.00,1,1,1.0000
40,4,82.00,10.00,12.00,12.00,1,1,0.7064
40,5,63.00,93.00,23.00,17.00,1,1,0.0000
40,6,52.00,68.00,27.00,20.00,1,1,0.0000
40,7,49.00,8.00,18.00,16.00,1,1,0.0000
40,8,36.00,5.00,12.00,10.00,1,1,0.4526
40,9,78.00,54.00,14.00,10.00,1,1,0.4259
40,10,64.00,76.00,17.00,16.00,1,1,0.0000
41,1,101.00,67.00,25.00,25.00,1,1,1.0000
41,2,7.00,42.00,13.00,14.00,1,1,1.0000
41,3,88.00,110.00,23.00,10.00,1,1,1.0000
41,4,81.00,8.00,12.00,13.00,1,1,0.6422
41,5,64.00,92.00,23.00,17.00,1,1,0.0201
41,6,49.00,67.00,28.00,21.00,1,1,0.0000
41,7,47.00,7.00,18.00,16.00,1,1,0.0000
41,8,34.00,6.00,12.00,10.00,1,1,0.6809
41,9,77.00,53.00,14.00,10.00,1,1,0.3273
41,10,63.00,73.00,17.00,17.00,1,1,0.0000
42,1,101.00,67.00,25.00,25.00,1,1,1.0000
42,2,9.00,42.00,13.00,13.00,1,1,1.0000
42,3,88.00,109.00,24.00,10.00,1,1,1.0000
42,4,81.00,7.00,12.00,12.00,1,1,0.5636
42,5,65.00,91.00,23.00,17.00,1,1,0.0537
42,6,47.00,67.00,28.00,21.00,1,1,0.0000
42,7,45.00,6.00,17.00,17.00,1,1,0.0000
42,8,32.00,8.00,12.00,10.00,1,1,0.8511
42,9,76.00,52.00,14.00,10.00,1,1,0.2202
42,10,62.00,71.00,18.00,17.00,1,1,0.0000
