1,1,21.00,62.00,15.00,11.00,1,1,0.2143
1,2,68.00,80.00,22.00,24.00,1,1,0.3187
1,3,79.00,98.00,19.00,20.00,1,1,0.9682
1,4,22.00,78.00,18.00,23.00,1,1,1.0000
1,5,19.00,52.00,19.00,22.00,1,1,0.9790
1,6,84.00,4.00,15.00,21.00,1,1,1.0000
1,7,101.00,103.00,12.00,18.00,1,1,1.0000
1,8,37.00,43.00,23.00,22.00,1,1,0.4257
1,9,109.00,73.00,10.00,24.00,1,1,1.0000
1,10,38.00,63.00,20.00,22.00,1,1,0.4236
1,11,100.00,92.00,18.00,16.00,1,1,0.7655
1,12,99.00,58.00,15.00,15.00,1,1,1.0000
1,13,27.00,9.00,22.00,24.00,1,1,0.9537
2,1,23.00,62.00,15.00,11.00,1,1,0.1508
2,2,67.00,82.00,22.00,24.00,1,1,0.2930
2,3,78.00,100.00,19.00,19.00,1,1,0.9007
2,4,22.00,80.00,17.00,23.00,1,1,1.0000
2,5,19.00,54.00,20.00,22.00,1,1,0.9861
2,6,86.00,3.00,15.00,21.00,1,1,1.0000
2,7,102.00,104.00,12.00,18.00,1,1,1.0000
2,8,38.00,43.00,23.00,23.00,1,1,0.3682
2,9,108.00,73.00,10.00,24.00,1,1,1.0000
2,10,36.00,63.00,20.00,22.00,1,1,0.5376
2,11,102.00,94.00,18.00,16.00,1,1,0.7500
2,12,99.00,56.00,15.00,15.00,1,1,1.0000
2,13,29.00,6.00,21.00,25.00,1,1,0.9144
3,1,25.00,62.00,15.00,11.00,1,1,0.1270
3,2,67.00,83.00,22.00,24.00,1,1,0.2751
3,3,77.00,101.00,18.00,20.00,1,1,0.8375
3,4,21.00,81.00,17.00,23.00,1,1,1.0000
3,5,20.00,57.00,20.00,22.00,1,1,1.0000
3,6,88.00,2.00,16.00,21.00,1,1,1.0000
3,7,104.00,105.00,12.00,18.00,1,1,1.0000
3,8,39.00,43.00,23.00,23.00,1,1,0.3071
3,9,106.00,74.00,10.00,24.00,1,1,1.0000
3,10,34.00,63.00,20.00,22.00,1,1,0.5805
3,11,104.00,96.00,18.00,16.00,1,1,0.7696
3,12,99.00,54.00,15.00,15.00,1,1,1.0000
3,13,30.00,4.00,21.00,24.00,1,1,0.8621
4,1,27.00,62.00,15.00,11.00,1,1,0.1270
4,2,66.00,84.00,22.00,24.00,1,1,0.2591
4,3,76.00,103.00,18.00,20.00,1,1,0.7633
4,4,21.00,82.00,17.00,23.00,1,1,1.0000
4,5,21.00,59.00,20.00,22.00,1,1,1.0000
4,6,91.00,3.00,15.00,21.00,1,1,1.0000
4,7,105.00,106.00,12.00,18.00,1,1,1.0000
4,8,40.00,43.00,24.00,23.00,1,1,0.2463
4,9,104.00,74.00,10.00,24.00,1,1,1.0000
4,10,31.00,63.00,20.00,22.00,1,1,0.5517
4,11,106.00,98.00,18.00,16.00,1,1,0.7729
4,12,99.00,53.00,16.00,14.00,1,1,1.0000
4,13,31.00,1.00,21.00,25.00,1,1,0.8049
5,1,29.00,62.00,15.00,11.00,1,1,0.1905
5,2,66.00,86.00,22.00,24.00,1,1,0.2482
5,3,74.00,105.00,19.00,19.00,1,1,0.6678
5,4,20.00,84.00,17.00,23.00,1,1,1.0000
5,5,22.00,62.00,19.00,22.00,1,1,1.0000
5,6,93.00,5.00,15.00,21.00,1,1,1.0000
5,7,106.00,108.00,12.00,17.00,1,1,1.0000
5,8,41.00,43.00,24.00,23.00,1,1,0.1858
5,9,103.00,75.00,10.00,23.00,1,1,1.0000
5,10,29.00,63.00,20.00,22.00,1,1,0.4551
5,11,108.00,100.00,18.00,16.00,1,1,0.7675
5,12,99.00,51.00,16.00,14.00,1,1,1.0000
5,13,32.00,4.00,22.00,24.00,1,1,0.7426
6,1,31.00,62.00,15.00,11.00,1,1,0.4127
6,2,66.00,87.00,22.00,24.00,1,1,0.2337
6,3,73.00,106.00,18.00,20.00,1,1,0.5780
6,4,20.00,85.00,17.00,23.00,1,1,1.0000
6,5,23.00,64.00,19.00,22.00,1,1,1.0000
6,6,95.00,6.00,15.00,21.00,1,1,1.0000
6,7,108.00,109.00,12.00,18.00,1,1,1.0000
6,8,43.00,43.00,23.00,23.00,1,1,0.1278
6,9,101.00,75.00,10.00,24.00,1,1,1.0000
6,10,27.00,63.00,20.00,22.00,1,1,0.2890
6,11,109.00,102.00,18.00,16.00,1,1,0.6974
6,12,99.00,49.00,16.00,14.00,1,1,1.0000
6,13,33.00,6.00,22.00,25.00,1,1,0.6788
7,1,33.00,62.00,15.00,11.00,1,1,0.6190
7,2,65.00,88.00,22.00,24.00,1,1,0.2115
7,3,72.00,107.00,18.00,20.00,1,1,0.4929
7,4,19.00,86.00,17.00,23.00,1,1,0.9717
7,5,24.00,66.00,19.00,23.00,1,1,1.0000
7,6,97.00,7.00,15.00,21.00,1,1,1.0000
7,7,109.00,110.00,12.00,18.00,1,1,1.0000
7,8,44.00,43.00,23.00,23.00,1,1,0.0858
7,9,99.00,75.00,11.00,24.00,1,1,1.0000
7,10,25.00,64.00,20.00,22.00,1,1,0.2486
7,11,107.00,104.00,18.00,16.00,1,1,0.6044
7,12,99.00,47.00,16.00,14.00,1,1,1.0000
7,13,34.00,8.00,22.00,25.00,1,1,0.6107
8,1,35.00,62.00,15.00,11.00,1,1,0.7143
8,2,65.00,90.00,22.00,24.00,1,1,0.1783
8,3,70.00,106.00,19.00,19.00,1,1,0.4021
8,4,19.00,87.00,17.00,23.00,1,1,0.9306
8,5,24.00,69.00,20.00,22.00,1,1,1.0000
8,6,99.00,8.00,16.00,21.00,1,1,1.0000
8,7,110.00,111.00,12.00,17.00,1,1,1.0000
8,8,45.00,43.00,23.00,23.00,1,1,0.0419
8,9,98.00,76.00,10.00,24.00,1,1,1.0000
8,10,23.00,64.00,20.00,22.00,1,1,0.3458
8,11,105.00,106.00,18.00,16.00,1,1,0.5771
8,12,100.00,45.00,15.00,14.00,1,1,1.0000
8,13,35.00,11.00,22.00,25.00,1,1,0.5390
9,1,37.00,62.00,15.00,11.00,1,1,0.6905
9,2,64.00,91.00,22.00,24.00,1,1,0.1301
9,3,69.00,104.00,18.00,20.00,1,1,0.3096
9,4,18.00,89.00,17.00,23.00,1,1,0.8857
9,5,25.00,71.00,20.00,22.00,1,1,1.0000
9,6,102.00,9.00,15.00,21.00,1,1,1.0000
9,7,111.00,112.00,12.00,16.00,1,1,1.0000
9,8,46.00,43.00,24.00,23.00,1,1,0.0147
9,9,96.00,76.00,10.00,24.00,1,1,1.0000
9,10,21.00,64.00,20.00,22.00,1,1,0.6052
9,11,103.00,108.00,18.00,16.00,1,1,0.6460
9,12,100.00,43.00,15.00,14.00,1,1,1.0000
9,13,37.00,13.00,21.00,25.00,1,1,0.4693
10,1,39.00,62.00,15.00,11.00,1,1,0.5476
10,2,64.00,92.00,22.00,24.00,1,1,0.0983
10,3,68.00,102.00,18.00,20.00,1,1,0.2297
10,4,17.00,90.00,18.00,23.00,1,1,0.8427
10,5,26.00,74.00,20.00,22.00,1,1,1.0000
10,6,104.00,11.00,15.00,21.00,1,1,1.0000
10,7,112.00,111.00,12.00,17.00,1,1,1.0000
10,8,47.00,43.00,24.00,23.00,1,1,0.0000
10,9,95.00,77.00,10.00,24.00,1,1,1.0000
10,10,19.00,64.00,20.00,22.00,1,1,0.8080
10,11,101.00,110.00,18.00,16.00,1,1,0.7566
10,12,100.00,41.00,16.00,14.00,1,1,1.0000
10,13,38.00,16.00,21.00,25.00,1,1,0.4093
11,1,41.00,62.00,15.00,11.00,1,1,0.3730
11,2,63.00,94.00,22.00,24.00,1,1,0.0723
11,3,66.00,101.00,19.00,19.00,1,1,0.1530
11,4,17.00,91.00,17.00,23.00,1,1,0.8367
11,5,27.00,76.00,19.00,22.00,1,1,1.0000
11,6,106.00,12.00,15.00,21.00,1,1,1.0000
11,7,111.00,110.00,12.00,18.00,1,1,1.0000
11,8,49.00,43.00,23.00,23.00,1,1,0.0000
11,9,93.00,77.00,10.00,24.00,1,1,1.0000
11,10,16.00,64.00,20.00,22.00,1,1,0.9564
11,11,98.00,111.00,18.00,16.00,1,1,0.7902
11,12,100.00,39.00,16.00,14.00,1,1,1.0000
11,13,39.00,18.00,21.00,25.00,1,1,0.3431
12,1,43.00,62.00,15.00,11.00,1,1,0.2143
12,2,63.00,95.00,22.00,24.00,1,1,0.0668
12,3,65.00,99.00,19.00,19.00,1,1,0.0848
12,4,16.00,93.00,17.00,23.00,1,1,0.8607
12,5,28.00,78.00,19.00,23.00,1,1,1.0000
12,6,108.00,13.00,15.00,21.00,1,1,1.0000
12,7,110.00,109.00,12.00,18.00,1,1,1.0000
12,8,50.00,43.00,23.00,23.00,1,1,0.0000
12,9,91.00,77.00,11.00,24.00,1,1,1.0000
12,10,14.00,64.00,20.00,22.00,1,1,1.0000
12,11,96.00,109.00,18.00,16.00,1,1,0.8363
12,12,100.00,37.00,16.00,14.00,1,1,1.0000
12,13,40.00,21.00,22.00,25.00,1,1,0.2732
13,1,45.00,62.00,15.00,11.00,1,1,0.0794
13,2,63.00,96.00,22.00,24.00,1,1,0.0807
13,3,64.00,97.00,18.00,20.00,1,1,0.0283
13,4,16.00,94.00,17.00,23.00,1,1,0.8816
13,5,29.00,81.00,19.00,22.00,1,1,0.9755
13,6,110.00,14.00,16.00,21.00,1,1,1.0000
13,7,109.00,108.00,12.00,18.00,1,1,1.0000
13,8,51.00,43.00,24.00,23.00,1,1,0.0000
13,9,90.00,78.00,10.00,24.00,1,1,1.0000
13,10,12.00,65.00,20.00,22.00,1,1,1.0000
13,11,94.00,107.00,18.00,16.00,1,1,0.8855
13,12,100.00,35.00,16.00,14.00,1,1,1.0000
13,13,41.00,23.00,22.00,25.00,1,1,0.2146
14,1,47.00,62.00,15.00,11.00,1,1,0.0000
14,2,62.00,98.00,22.00,24.00,1,1,0.0852
14,3,62.00,96.00,19.00,19.00,1,1,0.0000
14,4,15.00,95.00,17.00,23.00,1,1,0.9344
14,5,30.00,83.00,19.00,22.00,1,1,0.9474
14,6,113.00,15.00,15.00,21.00,1,1,1.0000
14,7,107.00,107.00,12.00,18.00,1,1,1.0000
14,8,52.00,43.00,24.00,23.00,1,1,0.0000
14,9,88.00,78.00,10.00,24.00,1,1,1.0000
14,10,10.00,65.00,20.00,22.00,1,1,1.0000
14,11,92.00,105.00,18.00,16.00,1,1,0.9148
14,12,101.00,33.00,15.00,14.00,1,1,1.0000
14,13,42.00,26.00,22.00,25.00,1,1,0.1516
15,1,49.00,62.00,15.00,11.00,1,1,0.0000
15,2,62.00,99.00,22.00,24.00,1,1,0.0675
15,3,61.00,94.00,19.00,19.00,1,1,0.0000
15,4,15.00,97.00,17.00,22.00,1,1,0.9669
15,5,30.00,86.00,20.00,22.00,1,1,0.9120
15,6,115.00,17.00,13.00,21.00,1,1,1.0000
15,7,106.00,105.00,12.00,18.00,1,1,1.0000
15,8,53.00,43.00,24.00,23.00,1,1,0.0000
15,9,87.00,79.00,10.00,24.00,1,1,1.0000
15,10,8.00,65.00,20.00,22.00,1,1,1.0000
15,11,90.00,102.00,18.00,16.00,1,1,0.9598
15,12,101.00,31.00,15.00,15.00,1,1,1.0000
15,13,44.00,28.00,21.00,25.00,1,1,0.0978
16,1,51.00,62.00,15.00,11.00,1,1,0.0000
16,2,61.00,100.00,22.00,24.00,1,1,0.0504
16,3,60.00,92.00,18.00,20.00,1,1,0.0000
16,4,14.00,98.00,17.00,23.00,1,1,1.0000
16,5,31.00,88.00,20.00,22.00,1,1,0.8702
16,6,113.00,18.00,15.00,21.00,1,1,1.0000
16,7,105.00,104.00,12.00,18.00,1,1,1.0000
16,8,55.00,43.00,23.00,23.00,1,1,0.0000
16,9,85.00,79.00,10.00,24.00,1,1,1.0000
16,10,6.00,65.00,20.00,22.00,1,1,1.0000
16,11,88.00,100.00,18.00,16.00,1,1,0.9868
16,12,101.00,29.00,15.00,15.00,1,1,1.0000
16,13,45.00,31.00,21.00,24.00,1,1,0.0546
17,1,53.00,62.00,15.00,11.00,1,1,0.0000
17,2,61.00,101.00,22.00,24.00,1,1,0.0386
17,3,58.00,91.00,19.00,19.00,1,1,0.0000
17,4,14.00,99.00,17.00,23.00,1,1,1.0000
17,5,32.00,90.00,19.00,23.00,1,1,0.8322
17,6,111.00,19.00,15.00,21.00,1,1,0.9309
17,7,103.00,103.00,12.00,18.00,1,1,1.0000
17,8,56.00,43.00,23.00,23.00,1,1,0.0000
17,9,83.00,80.00,10.00,23.00,1,1,1.0000
17,10,4.00,65.00,20.00,22.00,1,1,1.0000
17,11,86.00,98.00,18.00,16.00,1,1,0.9558
17,12,101.00,27.00,16.00,15.00,1,1,1.0000
17,13,46.00,33.00,21.00,25.00,1,1,0.0195
18,1,55.00,62.00,15.00,11.00,1,1,0.0000
18,2,60.00,103.00,22.00,24.00,1,1,0.0217
18,3,57.00,89.00,19.00,19.00,1,1,0.0000
18,4,13.00,100.00,17.00,23.00,1,1,1.0000
18,5,33.00,93.00,19.00,22.00,1,1,0.7825
18,6,108.00,20.00,15.00,21.00,1,1,0.7043
18,7,102.00,102.00,12.00,18.00,1,1,1.0000
18,8,57.00,43.00,24.00,23.00,1,1,0.0000
18,9,82.00,80.00,10.00,24.00,1,1,1.0000
18,10,2.00,65.00,20.00,22.00,1,1,1.0000
18,11,84.00,96.00,18.00,16.00,1,1,0.8850
18,12,101.00,25.00,16.00,15.00,1,1,1.0000
18,13,47.00,36.00,22.00,24.00,1,1,0.0000
19,1,57.00,62.00,15.00,11.00,1,1,0.0000
19,2,60.00,104.00,22.00,24.00,1,1,0.0144
19,3,56.00,87.00,18.00,20.00,1,1,0.0000
19,4,12.00,102.00,18.00,23.00,1,1,1.0000
19,5,34.00,95.00,19.00,22.00,1,1,0.7263
19,6,106.00,21.00,15.00,22.00,1,1,0.4392
19,7,101.00,101.00,12.00,18.00,1,1,1.0000
19,8,58.00,43.00,24.00,23.00,1,1,0.0097
19,9,80.00,80.00,10.00,24.00,1,1,0.9524
19,10,2.00,65.00,20.00,22.00,1,1,1.0000
19,11,82.00,94.00,18.00,16.00,1,1,0.7860
19,12,101.00,23.00,16.00,15.00,1,1,1.0000
19,13,48.00,38.00,22.00,25.00,1,1,0.0000
20,1,59.00,62.00,15.00,11.00,1,1,0.0000
20,2,59.00,104.00,22.00,24.00,1,1,0.0000
20,3,55.00,86.00,18.00,19.00,1,1,0.0000
20,4,12.00,103.00,17.00,23.00,1,1,1.0000
20,5,35.00,98.00,19.00,22.00,1,1,0.6737
20,6,104.00,23.00,15.00,21.00,1,1,0.4074
20,7,100.00,99.00,12.00,18.00,1,1,1.0000
20,8,59.00,43.00,24.00,23.00,1,1,0.0392
20,9,79.00,81.00,10.00,24.00,1,1,0.8235
20,10,4.00,66.00,20.00,22.00,1,1,1.0000
20,11,80.00,92.00,18.00,16.00,1,1,0.6696
20,12,102.00,21.00,15.00,15.00,1,1,1.0000
20,13,49.00,41.00,22.00,24.00,1,1,0.0000
21,1,61.00,62.00,15.00,11.00,1,1,0.0000
21,2,59.00,102.00,22.00,24.00,1,1,0.0000
21,3,53.00,84.00,19.00,19.00,1,1,0.0000
21,4,11.00,102.00,18.00,23.00,1,1,1.0000
21,5,35.00,100.00,20.00,22.00,1,1,0.6167
21,6,102.00,24.00,15.00,21.00,1,1,0.5946
21,7,98.00,98.00,12.00,18.00,1,1,1.0000
21,8,61.00,43.00,23.00,23.00,1,1,0.0827
21,9,77.00,81.00,10.00,24.00,1,1,0.6283
21,10,6.00,66.00,20.00,22.00,1,1,1.0000
21,11,78.00,90.00,18.00,16.00,1,1,0.5708
21,12,102.00,19.00,15.00,15.00,1,1,1.0000
21,13,51.00,43.00,21.00,25.00,1,1,0.0000
22,1,63.00,62.00,15.00,11.00,1,1,0.0000
22,2,59.00,101.00,22.00,24.00,1,1,0.0000
22,3,52.00,82.00,18.00,20.00,1,1,0.0000
22,4,11.00,101.00,17.00,22.00,1,1,1.0000
22,5,36.00,102.00,20.00,23.00,1,1,0.5660
22,6,100.00,25.00,15.00,21.00,1,1,0.8624
22,7,97.00,97.00,12.00,18.00,1,1,1.0000
22,8,62.00,43.00,23.00,23.00,1,1,0.1250
22,9,75.00,82.00,10.00,23.00,1,1,0.4194
22,10,8.00,66.00,20.00,22.00,1,1,1.0000
22,11,76.00,88.00,18.00,16.00,1,1,0.5175
22,12,102.00,17.00,15.00,15.00,1,1,1.0000
22,13,52.00,46.00,21.00,24.00,1,1,0.0000
23,1,65.00,62.00,15.00,11.00,1,1,0.0000
23,2,58.00,100.00,22.00,24.00,1,1,0.0000
23,3,51.00,81.00,18.00,19.00,1,1,0.0000
23,4,10.00,99.00,17.00,23.00,1,1,1.0000
23,5,37.00,105.00,20.00,22.00,1,1,0.5174
23,6,97.00,26.00,15.00,21.00,1,1,1.0000
23,7,96.00,96.00,12.00,18.00,1,1,1.0000
23,8,63.00,43.00,24.00,23.00,1,1,0.1807
23,9,74.00,82.00,10.00,24.00,1,1,0.2340
23,10,10.00,66.00,20.00,22.00,1,1,1.0000
23,11,74.00,86.00,18.00,16.00,1,1,0.4518
23,12,102.00,16.00,16.00,14.00,1,1,1.0000
23,13,53.00,48.00,21.00,25.00,1,1,0.0000
24,1,67.00,62.00,15.00,11.00,1,1,0.0317
24,2,58.00,98.00,22.00,24.00,1,1,0.0000
24,3,49.00,79.00,19.00,19.00,1,1,0.0000
24,4,10.00,98.00,17.00,23.00,1,1,1.0000
24,5,38.00,107.00,19.00,21.00,1,1,0.4384
24,6,95.00,27.00,15.00,22.00,1,1,1.0000
24,7,95.00,95.00,12.00,18.00,1,1,1.0000
24,8,64.00,43.00,24.00,23.00,1,1,0.2347
24,9,72.00,82.00,10.00,24.00,1,1,0.0632
24,10,12.00,66.00,20.00,22.00,1,1,1.0000
24,11,72.00,84.00,18.00,16.00,1,1,0.4254
24,12,102.00,14.00,16.00,14.00,1,1,1.0000
24,13,54.00,50.00,22.00,25.00,1,1,0.0000
25,1,69.00,62.00,15.00,11.00,1,1,0.1429
25,2,57.00,97.00,22.00,24.00,1,1,0.0000
25,3,48.00,77.00,18.00,20.00,1,1,0.0000
25,4,9.00,97.00,17.00,23.00,1,1,1.0000
25,5,39.00,109.00,19.00,19.00,1,1,0.3591
25,6,93.00,29.00,15.00,21.00,1,1,1.0000
25,7,93.00,93.00,12.00,18.00,1,1,1.0000
25,8,65.00,43.00,24.00,23.00,1,1,0.2993
25,9,70.00,83.00,11.00,24.00,1,1,0.0000
25,10,14.00,66.00,20.00,22.00,1,1,1.0000
25,11,70.00,82.00,18.00,16.00,1,1,0.3348
25,12,102.00,12.00,16.00,14.00,1,1,1.0000
25,13,55.00,53.00,22.00,25.00,1,1,0.0000
26,1,71.00,62.00,15.00,11.00,1,1,0.2778
26,2,57.00,96.00,22.00,24.00,1,1,0.0000
26,3,47.00,75.00,18.00,20.00,1,1,0.0000
26,4,9.00,95.00,17.00,23.00,1,1,1.0000
26,5,40.00,107.00,19.00,21.00,1,1,0.3345
26,6,91.00,30.00,15.00,21.00,1,1,1.0000
26,7,92.00,92.00,12.00,18.00,1,1,1.0000
26,8,67.00,43.00,23.00,23.00,1,1,0.3645
26,9,69.00,83.00,10.00,24.00,1,1,0.0000
26,10,16.00,67.00,20.00,22.00,1,1,1.0000
26,11,68.00,80.00,18.00,16.00,1,1,0.2035
26,12,102.00,10.00,16.00,14.00,1,1,1.0000
26,13,56.00,55.00,22.00,25.00,1,1,0.0000
27,1,73.00,62.00,15.00,11.00,1,1,0.4127
27,2,56.00,94.00,22.00,24.00,1,1,0.0000
27,3,45.00,74.00,19.00,19.00,1,1,0.0429
27,4,8.00,94.00,17.00,23.00,1,1,1.0000
27,5,40.00,104.00,20.00,22.00,1,1,0.2867
27,6,89.00,31.00,15.00,21.00,1,1,1.0000
27,7,91.00,91.00,12.00,18.00,1,1,1.0000
27,8,68.00,43.00,23.00,23.00,1,1,0.4251
27,9,67.00,84.00,10.00,24.00,1,1,0.0000
27,10,19.00,67.00,20.00,22.00,1,1,1.0000
27,11,65.00,78.00,18.00,16.00,1,1,0.0800
27,12,103.00,8.00,15.00,14.00,1,1,1.0000
27,13,58.00,58.00,21.00,25.00,1,1,0.0000
28,1,75.00,62.00,15.00,11.00,1,1,0.5397
28,2,56.00,93.00,22.00,24.00,1,1,0.0000
28,3,44.00,72.00,19.00,20.00,1,1,0.1021
28,4,8.00,93.00,17.00,23.00,1,1,1.0000
28,5,41.00,102.00,20.00,22.00,1,1,0.2448
28,6,86.00,32.00,15.00,21.00,1,1,0.9947
28,7,89.00,90.00,12.00,18.00,1,1,1.0000
28,8,69.00,43.00,24.00,23.00,1,1,0.4877
28,9,66.00,84.00,10.00,24.00,1,1,0.0000
28,10,21.00,67.00,20.00,22.00,1,1,1.0000
28,11,63.00,76.00,18.00,16.00,1,1,0.0000
28,12,103.00,6.00,15.00,14.00,1,1,1.0000
28,13,59.00,60.00,21.00,25.00,1,1,0.0000
29,1,77.00,62.00,15.00,11.00,1,1,0.6508
29,2,55.00,92.00,22.00,24.00,1,1,0.0000
29,3,43.00,70.00,18.00,20.00,1,1,0.1725
29,4,7.00,92.00,17.00,22.00,1,1,1.0000
29,5,42.00,99.00,20.00,23.00,1,1,0.1966
29,6,84.00,33.00,15.00,22.00,1,1,0.8168
29,7,88.00,89.00,12.00,18.00,1,1,1.0000
29,8,70.00,43.00,24.00,23.00,1,1,0.5512
29,9,64.00,84.00,10.00,24.00,1,1,0.0000
29,10,23.00,67.00,20.00,22.00,1,1,1.0000
29,11,61.00,74.00,18.00,16.00,1,1,0.0000
29,12,103.00,4.00,16.00,14.00,1,1,1.0000
29,13,60.00,63.00,21.00,25.00,1,1,0.0000
30,1,79.00,62.00,15.00,11.00,1,1,0.7381
30,2,55.00,90.00,22.00,24.00,1,1,0.0000
30,3,41.00,69.00,19.00,19.00,1,1,0.1495
30,4,6.00,90.00,18.00,23.00,1,1,1.0000
30,5,43.00,97.00,19.00,22.00,1,1,0.1503
30,6,82.00,35.00,15.00,21.00,1,1,0.5632
30,7,87.00,87.00,12.00,18.00,1,1,1.0000
30,8,71.00,43.00,24.00,23.00,1,1,0.6210
30,9,62.00,85.00,11.00,24.00,1,1,0.0000
30,10,25.00,67.00,20.00,22.00,1,1,1.0000
30,11,59.00,72.00,18.00,16.00,1,1,0.0000
30,12,103.00,2.00,16.00,14.00,1,1,1.0000
30,13,61.00,65.00,22.00,25.00,1,1,0.0319
31,1,81.00,62.00,15.00,11.00,1,1,0.7937
31,2,55.00,89.00,22.00,24.00,1,1,0.0000
31,3,40.00,67.00,19.00,20.00,1,1,0.0704
31,4,6.00,89.00,17.00,23.00,1,1,1.0000
31,5,44.00,95.00,19.00,22.00,1,1,0.1080
31,6,80.00,36.00,15.00,21.00,1,1,0.3138
31,7,86.00,86.00,12.00,18.00,1,1,1.0000
31,8,73.00,43.00,23.00,23.00,1,1,0.6847
31,9,61.00,85.00,10.00,24.00,1,1,0.0000
31,10,27.00,67.00,20.00,22.00,1,1,1.0000
31,11,57.00,69.00,18.00,17.00,1,1,0.0000
31,12,103.00,3.00,16.00,14.00,1,1,1.0000
31,13,62.00,68.00,22.00,25.00,1,1,0.0762
32,1,83.00,62.00,15.00,11.00,1,1,0.8175
32,2,54.00,88.00,22.00,24.00,1,1,0.0000
32,3,39.00,65.00,18.00,20.00,1,1,0.0565
32,4,5.00,88.00,17.00,23.00,1,1,1.0000
32,5,45.00,92.00,19.00,22.00,1,1,0.0667
32,6,78.00,37.00,15.00,21.00,1,1,0.1958
32,7,84.00,85.00,12.00,18.00,1,1,1.0000
32,8,74.00,44.00,23.00,22.00,1,1,0.7426
32,9,59.00,86.00,10.00,24.00,1,1,0.0000
32,10,29.00,67.00,20.00,22.00,1,1,0.9391
32,11,55.00,67.00,18.00,16.00,1,1,0.0000
32,12,103.00,5.00,16.00,14.00,1,1,1.0000
32,13,63.00,70.00,22.00,25.00,1,1,0.1238
33,1,85.00,62.00,15.00,11.00,1,1,0.8333
33,2,54.00,87.00,22.00,24.00,1,1,0.0000
33,3,37.00,64.00,19.00,19.00,1,1,0.0996
33,4,5.00,86.00,17.00,23.00,1,1,1.0000
33,5,46.00,90.00,19.00,22.00,1,1,0.0280
33,6,75.00,38.00,15.00,21.00,1,1,0.1016
33,7,83.00,84.00,12.00,18.00,1,1,1.0000
33,8,75.00,44.00,24.00,22.00,1,1,0.7980
33,9,58.00,86.00,10.00,24.00,1,1,0.0000
33,10,31.00,68.00,20.00,22.00,1,1,0.8426
33,11,53.00,65.00,18.00,16.00,1,1,0.0000
33,12,104.00,7.00,15.00,14.00,1,1,1.0000
33,13,65.00,73.00,21.00,24.00,1,1,0.1400
34,1,87.00,62.00,15.00,11.00,1,1,0.8492
34,2,53.00,85.00,22.00,24.00,1,1,0.0000
34,3,36.00,62.00,19.00,20.00,1,1,0.1958
34,4,4.00,85.00,17.00,23.00,1,1,1.0000
34,5,46.00,87.00,20.00,23.00,1,1,0.0104
34,6,73.00,39.00,15.00,22.00,1,1,0.0419
34,7,82.00,83.00,12.00,18.00,1,1,1.0000
34,8,76.00,44.00,24.00,22.00,1,1,0.8554
34,9,56.00,86.00,10.00,24.00,1,1,0.0000
34,10,33.00,68.00,20.00,22.00,1,1,0.7251
34,11,51.00,63.00,18.00,16.00,1,1,0.0000
34,12,104.00,8.00,15.00,15.00,1,1,1.0000
34,13,66.00,75.00,21.00,25.00,1,1,0.1076
35,1,89.00,62.00,15.00,11.00,1,1,0.8730
35,2,53.00,84.00,22.00,24.00,1,1,0.0000
35,3,35.00,60.00,18.00,20.00,1,1,0.3511
35,4,4.00,84.00,17.00,23.00,1,1,1.0000
35,5,47.00,85.00,20.00,22.00,1,1,0.0000
35,6,71.00,41.00,15.00,21.00,1,1,0.0106
35,7,81.00,81.00,12.00,18.00,1,1,1.0000
35,8,77.00,44.00,24.00,22.00,1,1,0.9042
35,9,54.00,87.00,10.00,24.00,1,1,0.0000
35,10,36.00,68.00,20.00,22.00,1,1,0.5879
35,11,49.00,61.00,18.00,16.00,1,1,0.0000
35,12,104.00,10.00,15.00,15.00,1,1,1.0000
35,13,67.00,78.00,21.00,24.00,1,1,0.0743
36,1,91.00,62.00,15.00,11.00,1,1,0.9048
36,2,52.00,83.00,22.00,24.00,1,1,0.0000
36,3,34.00,59.00,18.00,19.00,1,1,0.5442
36,4,3.00,82.00,17.00,23.00,1,1,1.0000
36,5,48.00,83.00,20.00,22.00,1,1,0.0000
36,6,69.00,42.00,15.00,21.00,1,1,0.0000
36,7,79.00,80.00,12.00,18.00,1,1,0.9053
36,8,79.00,44.00,23.00,22.00,1,1,0.9527
36,9,53.00,87.00,10.00,24.00,1,1,0.0000
36,10,38.00,68.00,20.00,22.00,1,1,0.4477
36,11,47.00,59.00,18.00,16.00,1,1,0.0000
36,12,104.00,12.00,16.00,15.00,1,1,1.0000
36,13,68.00,80.00,22.00,25.00,1,1,0.1244
37,1,93.00,62.00,15.00,11.00,1,1,0.9206
37,2,52.00,81.00,22.00,24.00,1,1,0.0000
37,3,32.00,57.00,19.00,20.00,1,1,0.6831
37,4,3.00,81.00,17.00,23.00,1,1,1.0000
37,5,49.00,80.00,19.00,22.00,1,1,0.0000
37,6,66.00,43.00,16.00,21.00,1,1,0.0000
37,7,78.00,79.00,12.00,18.00,1,1,0.8012
37,8,80.00,44.00,23.00,22.00,1,1,0.9827
37,9,51.00,88.00,10.00,24.00,1,1,0.0000
37,10,40.00,68.00,20.00,22.00,1,1,0.3199
37,11,45.00,57.00,18.00,16.00,1,1,0.0696
37,12,104.00,14.00,16.00,15.00,1,1,1.0000
37,13,69.00,83.00,22.00,24.00,1,1,0.2377
38,1,95.00,62.00,15.00,11.00,1,1,0.9444
38,2,51.00,80.00,22.00,24.00,1,1,0.0000
38,3,31.00,55.00,18.00,20.00,1,1,0.7687
38,4,2.00,80.00,17.00,23.00,1,1,1.0000
38,5,50.00,78.00,19.00,22.00,1,1,0.0000
38,6,64.00,44.00,15.00,21.00,1,1,0.0000
38,7,77.00,78.00,12.00,18.00,1,1,0.6882
38,8,81.00,44.00,24.00,23.00,1,1,1.0000
38,9,50.00,88.00,10.00,24.00,1,1,0.0000
38,10,42.00,68.00,20.00,22.00,1,1,0.1977
38,11,43.00,55.00,18.00,16.00,1,1,0.1762
38,12,104.00,16.00,16.00,15.00,1,1,1.0000
38,13,70.00,85.00,22.00,25.00,1,1,0.3771
39,1,97.00,62.00,15.00,11.00,1,1,0.9603
39,2,51.00,79.00,22.00,24.00,1,1,0.0000
39,3,30.00,54.00,18.00,19.00,1,1,0.7676
39,4,1.00,79.00,18.00,22.00,1,1,1.0000
39,5,51.00,75.00,19.00,23.00,1,1,0.0000
39,6,62.00,45.00,15.00,22.00,1,1,0.0000
39,7,75.00,77.00,12.00,18.00,1,1,0.5389
39,8,82.00,44.00,24.00,23.00,1,1,1.0000
39,9,48.00,89.00,10.00,23.00,1,1,0.0000
39,10,44.00,68.00,20.00,22.00,1,1,0.0928
39,11,41.00,53.00,18.00,16.00,1,1,0.3070
39,12,104.00,18.00,16.00,15.00,1,1,1.0000
39,13,72.00,88.00,21.00,24.00,1,1,0.5136
40,1,99.00,62.00,15.00,11.00,1,1,0.9841
40,2,51.00,77.00,22.00,24.00,1,1,0.0000
40,3,28.00,52.00,19.00,19.00,1,1,0.7340
40,4,1.00,77.00,17.00,23.00,1,1,1.0000
40,5,51.00,73.00,20.00,22.00,1,1,0.0000
40,6,60.00,47.00,15.00,21.00,1,1,0.0000
40,7,74.00,75.00,12.00,18.00,1,1,0.4142
40,8,84.00,44.00,23.00,23.00,1,1,1.0000
40,9,46.00,89.00,10.00,24.00,1,1,0.0368
40,10,46.00,69.00,20.00,22.00,1,1,0.0144
40,11,39.00,51.00,18.00,16.00,1,1,0.4498
40,12,105.00,20.00,15.00,15.00,1,1,1.0000
40,13,73.00,90.00,21.00,25.00,1,1,0.6210
41,1,101.00,62.00,15.00,11.00,1,1,1.0000
41,2,50.00,76.00,22.00,24.00,1,1,0.0000
41,3,27.00,50.00,18.00,20.00,1,1,0.7189
41,4,0.00,76.00,18.00,23.00,1,1,1.0000
41,5,52.00,71.00,20.00,22.00,1,1,0.0000
41,6,58.00,48.00,15.00,21.00,1,1,0.0000
41,7,73.00,74.00,12.00,18.00,1,1,0.2824
41,8,85.00,44.00,23.00,23.00,1,1,1.0000
41,9,45.00,89.00,10.00,24.00,1,1,0.1640
41,10,48.00,69.00,20.00,22.00,1,1,0.0000
41,11,37.00,49.00,18.00,16.00,1,1,0.5947
41,12,105.00,22.00,15.00,15.00,1,1,1.0000
41,13,74.00,92.00,21.00,25.00,1,1,0.7094
42,1,103.00,62.00,15.00,11.00,1,1,1.0000
42,2,50.00,75.00,22.00,24.00,1,1,0.0000
42,3,26.00,49.00,18.00,19.00,1,1,0.6809
42,4,0.00,75.00,17.00,23.00,1,1,1.0000
42,5,53.00,68.00,20.00,22.00,1,1,0.0000
42,6,55.00,49.00,16.00,21.00,1,1,0.0000
42,7,72.00,73.00,12.00,18.00,1,1,0.1647
42,8,86.00,44.00,23.00,23.00,1,1,1.0000
42,9,43.00,90.00,10.00,24.00,1,1,0.3651
42,10,51.00,69.00,20.00,22.00,1,1,0.0000
42,11,35.00,47.00,18.00,16.00,1,1,0.7345
42,12,105.00,24.00,16.00,15.00,1,1,1.0000
42,13,75.00,95.00,22.00,25.00,1,1,0.7726
43,1,105.00,62.00,15.00,11.00,1,1,1.0000
43,2,49.00,73.00,22.00,24.00,1,1,0.0000
43,3,24.00,47.00,19.00,19.00,1,1,0.6525
43,4,0.00,73.00,16.00,23.00,1,1,1.0000
43,5,54.00,66.00,19.00,22.00,1,1,0.0000
43,6,53.00,50.00,15.00,21.00,1,1,0.0000
43,7,70.00,72.00,12.00,18.00,1,1,0.0533
43,8,87.00,44.00,24.00,23.00,1,1,1.0000
43,9,41.00,90.00,11.00,24.00,1,1,0.5722
43,10,53.00,69.00,20.00,22.00,1,1,0.0000
43,11,33.00,45.00,17.00,16.00,1,1,0.8661
43,12,105.00,26.00,16.00,14.00,1,1,1.0000
43,13,76.00,97.00,22.00,25.00,1,1,0.8317
44,1,107.00,62.00,15.00,11.00,1,1,1.0000
44,2,49.00,72.00,22.00,24.00,1,1,0.0000
44,3,23.00,45.00,19.00,20.00,1,1,0.6307
44,4,0.00,72.00,16.00,23.00,1,1,1.0000
44,5,55.00,63.00,19.00,23.00,1,1,0.0000
44,6,51.00,51.00,15.00,22.00,1,1,0.0000
44,7,69.00,71.00,12.00,18.00,1,1,0.0000
44,8,88.00,44.00,24.00,23.00,1,1,1.0000
44,9,40.00,91.00,10.00,23.00,1,1,0.7487
44,10,55.00,69.00,20.00,22.00,1,1,0.0000
44,11,30.00,43.00,18.00,16.00,1,1,0.9688
44,12,105.00,28.00,16.00,14.00,1,1,1.0000
44,13,77.00,100.00,22.00,25.00,1,1,0.8878
45,1,109.00,62.00,15.00,11.00,1,1,1.0000
45,2,48.00,71.00,22.00,24.00,1,1,0.0000
45,3,22.00,44.00,18.00,19.00,1,1,0.6014
45,4,0.00,71.00,15.00,23.00,1,1,1.0000
45,5,56.00,61.00,19.00,22.00,1,1,0.0000
45,6,49.00,53.00,15.00,21.00,1,1,0.0000
45,7,68.00,69.00,12.00,18.00,1,1,0.0000
45,8,90.00,44.00,23.00,23.00,1,1,1.0000
45,9,38.00,91.00,10.00,24.00,1,1,0.9312
45,10,57.00,69.00,20.00,22.00,1,1,0.0000
45,11,28.00,41.00,18.00,16.00,1,1,1.0000
45,12,105.00,30.00,16.00,14.00,1,1,1.0000
45,13,79.00,102.00,21.00,25.00,1,1,0.9412
46,1,111.00,62.00,15.00,11.00,1,1,1.0000
46,2,48.00,69.00,22.00,24.00,1,1,0.0000
46,3,20.00,42.00,19.00,19.00,1,1,0.5821
46,4,0.00,70.00,15.00,22.00,1,1,1.0000
46,5,56.00,58.00,20.00,23.00,1,1,0.0000
46,6,47.00,54.00,15.00,21.00,1,1,0.0000
46,7,67.00,68.00,12.00,18.00,1,1,0.0000
46,8,91.00,44.00,23.00,23.00,1,1,1.0000
46,9,37.00,91.00,10.00,24.00,1,1,1.0000
46,10,59.00,70.00,20.00,22.00,1,1,0.0000
46,11,26.00,39.00,18.00,16.00,1,1,1.0000
46,12,106.00,32.00,15.00,14.00,1,1,1.0000
46,13,80.00,99.00,21.00,25.00,1,1,0.9779
47,1,111.00,62.00,15.00,11.00,1,1,1.0000
47,2,47.00,68.00,22.00,24.00,1,1,0.0000
47,3,19.00,40.00,19.00,20.00,1,1,0.5699
47,4,0.00,68.00,16.00,23.00,1,1,1.0000
47,5,57.00,56.00,20.00,22.00,1,1,0.0000
47,6,44.00,55.00,16.00,21.00,1,1,0.1158
47,7,65.00,67.00,12.00,18.00,1,1,0.0000
47,8,92.00,44.00,23.00,23.00,1,1,1.0000
47,9,35.00,92.00,10.00,24.00,1,1,1.0000
47,10,61.00,70.00,20.00,22.00,1,1,0.0000
47,11,24.00,37.00,18.00,16.00,1,1,1.0000
47,12,106.00,34.00,15.00,14.00,1,1,0.9200
47,13,81.00,97.00,21.00,25.00,1,1,1.0000
48,1,109.00,62.00,15.00,11.00,1,1,0.9841
48,2,47.00,67.00,22.00,24.00,1,1,0.0000
48,3,18.00,39.00,18.00,19.00,1,1,0.5658
48,4,0.00,67.00,16.00,23.00,1,1,1.0000
48,5,58.00,54.00,20.00,22.00,1,1,0.0000
48,6,42.00,56.00,15.00,21.00,1,1,0.2757
48,7,64.00,66.00,12.00,18.00,1,1,0.0000
48,8,93.00,44.00,24.00,23.00,1,1,1.0000
48,9,33.00,92.00,10.00,24.00,1,1,1.0000
48,10,63.00,70.00,20.00,22.00,1,1,0.0634
48,11,22.00,34.00,18.00,16.00,1,1,1.0000
48,12,106.00,36.00,15.00,14.00,1,1,0.7874
48,13,82.00,94.00,22.00,25.00,1,1,1.0000
49,1,107.00,62.00,15.00,11.00,1,1,0.8889
49,2,47.00,66.00,22.00,24.00,1,1,0.0000
49,3,16.00,37.00,19.00,19.00,1,1,0.5552
49,4,0.00,66.00,17.00,23.00,1,1,1.0000
49,5,59.00,51.00,19.00,22.00,1,1,0.0000
49,6,40.00,57.00,15.00,22.00,1,1,0.4550
49,7,63.00,65.00,12.00,18.00,1,1,0.0000
49,8,94.00,44.00,24.00,23.00,1,1,1.0000
49,9,32.00,93.00,10.00,24.00,1,1,1.0000
49,10,65.00,70.00,20.00,22.00,1,1,0.1643
49,11,20.00,32.00,18.00,16.00,1,1,1.0000
49,12,106.00,38.00,16.00,14.00,1,1,0.6229
49,13,83.00,92.00,22.00,25.00,1,1,1.0000
50,1,105.00,62.00,15.00,11.00,1,1,0.7857
50,2,46.00,64.00,22.00,24.00,1,1,0.0024
50,3,15.00,35.00,19.00,20.00,1,1,0.5660
50,4,0.00,64.00,18.00,23.00,1,1,1.0000
50,5,60.00,49.00,19.00,22.00,1,1,0.0000
50,6,38.00,59.00,15.00,21.00,1,1,0.6330
50,7,61.00,63.00,12.00,18.00,1,1,0.0000
50,8,96.00,44.00,23.00,23.00,1,1,1.0000
50,9,30.00,93.00,10.00,24.00,1,1,1.0000
50,10,68.00,70.00,20.00,22.00,1,1,0.2861
50,11,18.00,30.00,18.00,16.00,1,1,1.0000
50,12,106.00,40.00,16.00,14.00,1,1,0.4432
50,13,84.00,90.00,22.00,24.00,1,1,1.0000
51,1,103.00,62.00,15.00,11.00,1,1,0.6825
51,2,46.00,63.00,22.00,24.00,1,1,0.0000
51,3,14.00,34.00,18.00,19.00,1,1,0.5627
51,4,1.00,63.00,17.00,23.00,1,1,1.0000
51,5,61.00,46.00,19.00,23.00,1,1,0.0000
51,6,36.00,60.00,15.00,21.00,1,1,0.8042
51,7,60.00,62.00,12.00,18.00,1,1,0.0000
51,8,97.00,44.00,23.00,23.00,1,1,1.0000
51,9,29.00,93.00,10.00,24.00,1,1,1.0000
51,10,70.00,70.00,20.00,22.00,1,1,0.4174
51,11,16.00,28.00,18.00,16.00,1,1,1.0000
51,12,106.00,42.00,16.00,14.00,1,1,0.2542
51,13,86.00,87.00,21.00,25.00,1,1,1.0000
52,1,101.00,62.00,15.00,11.00,1,1,0.6429
52,2,45.00,62.00,22.00,24.00,1,1,0.0073
52,3,13.00,32.00,18.00,19.00,1,1,0.5679
52,4,1.00,62.00,18.00,23.00,1,1,1.0000
52,5,62.00,44.00,19.00,22.00,1,1,0.0000
52,6,33.00,61.00,15.00,21.00,1,1,0.9579
52,7,59.00,61.00,12.00,18.00,1,1,0.0000
52,8,98.00,44.00,24.00,23.00,1,1,1.0000
52,9,27.00,94.00,10.00,24.00,1,1,1.0000
52,10,72.00,70.00,20.00,22.00,1,1,0.5420
52,11,14.00,26.00,18.00,16.00,1,1,1.0000
52,12,107.00,44.00,15.00,14.00,1,1,0.0460
52,13,87.00,85.00,21.00,24.00,1,1,1.0000
