1,1,29.00,105.00,20.00,13.00,1,1,0.8057
1,2,43.00,109.00,20.00,14.00,1,1,0.0000
1,3,63.00,60.00,19.00,15.00,1,1,0.0000
1,4,9.00,57.00,14.00,14.00,1,1,0.9221
1,5,37.00,49.00,22.00,22.00,1,1,0.1868
1,6,81.00,41.00,10.00,10.00,1,1,0.8052
1,7,99.00,68.00,14.00,20.00,1,1,0.8295
1,8,47.00,12.00,23.00,25.00,1,1,0.0000
1,9,21.00,55.00,21.00,20.00,1,1,1.0000
1,10,17.00,101.00,27.00,12.00,1,1,0.6475
1,11,95.00,10.00,15.00,15.00,1,1,1.0000
1,12,108.00,68.00,14.00,14.00,1,1,1.0000
1,13,58.00,82.00,20.00,23.00,1,1,0.0000
1,14,33.00,53.00,20.00,20.00,1,1,0.0475
2,1,31.00,105.00,20.00,13.00,1,1,0.6914
2,2,44.00,107.00,20.00,15.00,1,1,0.0000
2,3,61.00,61.00,19.00,14.00,1,1,0.0000
2,4,8.00,58.00,14.00,14.00,1,1,0.8269
2,5,35.00,48.00,22.00,22.00,1,1,0.3219
2,6,84.00,41.00,10.00,10.00,1,1,1.0000
2,7,100.00,69.00,14.00,20.00,1,1,0.8364
2,8,45.00,12.00,23.00,25.00,1,1,0.0000
2,9,18.00,55.00,22.00,21.00,1,1,1.0000
2,10,16.00,103.00,28.00,12.00,1,1,0.6513
2,11,95.00,11.00,14.00,16.00,1,1,1.0000
2,12,109.00,70.00,14.00,14.00,1,1,1.0000
2,13,58.00,84.00,20.00,23.00,1,1,0.0000
2,14,34.00,54.00,20.00,20.00,1,1,0.0767
3,1,33.00,105.00,20.00,13.00,1,1,0.5657
3,2,44.00,105.00,20.00,15.00,1,1,0.0000
3,3,59.00,62.00,20.00,14.00,1,1,0.0000
3,4,7.00,59.00,14.00,14.00,1,1,0.7403
3,5,33.00,47.00,22.00,22.00,1,1,0.4587
3,6,87.00,41.00,10.00,10.00,1,1,1.0000
3,7,100.00,70.00,14.00,20.00,1,1,0.8773
3,8,42.00,12.00,23.00,25.00,1,1,0.0356
3,9,16.00,56.00,22.00,20.00,1,1,1.0000
3,10,16.00,104.00,27.00,12.00,1,1,0.7338
3,11,95.00,12.00,14.00,16.00,1,1,1.0000
3,12,110.00,71.00,14.00,14.00,1,1,1.0000
3,13,58.00,86.00,20.00,23.00,1,1,0.0000
3,14,35.00,54.00,20.00,20.00,1,1,0.1111
4,1,35.00,105.00,20.00,13.00,1,1,0.4457
4,2,44.00,103.00,21.00,15.00,1,1,0.0000
4,3,57.00,63.00,20.00,14.00,1,1,0.0000
4,4,7.00,60.00,14.00,14.00,1,1,0.6234
4,5,32.00,46.00,21.00,22.00,1,1,0.5860
4,6,90.00,42.00,10.00,10.00,1,1,1.0000
4,7,101.00,71.00,14.00,20.00,1,1,0.8914
4,8,40.00,12.00,23.00,25.00,1,1,0.1247
4,9,14.00,57.00,22.00,20.00,1,1,1.0000
4,10,15.00,105.00,28.00,13.00,1,1,0.8534
4,11,95.00,14.00,14.00,15.00,1,1,1.0000
4,12,111.00,72.00,14.00,15.00,1,1,1.0000
4,13,58.00,88.00,20.00,23.00,1,1,0.0000
4,14,36.00,55.00,20.00,20.00,1,1,0.1338
5,1,37.00,105.00,20.00,13.00,1,1,0.3257
5,2,45.00,101.00,20.00,15.00,1,1,0.0000
5,3,56.00,63.00,19.00,15.00,1,1,0.0000
5,4,6.00,61.00,14.00,14.00,1,1,0.4870
5,5,30.00,45.00,22.00,23.00,1,1,0.6907
5,6,92.00,42.00,10.00,10.00,1,1,1.0000
5,7,101.00,72.00,14.00,20.00,1,1,0.9132
5,8,37.00,12.00,24.00,25.00,1,1,0.2361
5,9,12.00,57.00,21.00,20.00,1,1,1.0000
5,10,14.00,107.00,28.00,12.00,1,1,0.9582
5,11,94.00,15.00,15.00,16.00,1,1,1.0000
5,12,112.00,74.00,14.00,14.00,1,1,1.0000
5,13,58.00,90.00,19.00,23.00,1,1,0.0000
5,14,37.00,56.00,20.00,20.00,1,1,0.1270
6,1,39.00,105.00,20.00,13.00,1,1,0.2057
6,2,45.00,99.00,21.00,14.00,1,1,0.0000
6,3,54.00,64.00,19.00,15.00,1,1,0.0000
6,4,5.00,62.00,14.00,14.00,1,1,0.3613
6,5,28.00,44.00,22.00,23.00,1,1,0.7868
6,6,95.00,43.00,10.00,10.00,1,1,1.0000
6,7,102.00,74.00,14.00,19.00,1,1,0.9220
6,8,35.00,12.00,23.00,25.00,1,1,0.3598
6,9,9.00,58.00,22.00,20.00,1,1,1.0000
6,10,14.00,106.00,28.00,13.00,1,1,0.9925
6,11,94.00,17.00,15.00,15.00,1,1,1.0000
6,12,113.00,75.00,14.00,15.00,1,1,1.0000
6,13,58.00,93.00,19.00,22.00,1,1,0.0000
6,14,38.00,56.00,20.00,20.00,1,1,0.1274
7,1,41.00,105.00,20.00,13.00,1,1,0.1029
7,2,46.00,96.00,20.00,15.00,1,1,0.0000
7,3,52.00,65.00,20.00,15.00,1,1,0.0000
7,4,4.00,63.00,14.00,14.00,1,1,0.2500
7,5,26.00,43.00,22.00,23.00,1,1,0.8783
7,6,98.00,43.00,10.00,10.00,1,1,1.0000
7,7,102.00,75.00,14.00,20.00,1,1,0.9593
7,8,33.00,12.00,23.00,25.00,1,1,0.4821
7,9,7.00,58.00,22.00,21.00,1,1,1.0000
7,10,13.00,105.00,28.00,12.00,1,1,1.0000
7,11,94.00,18.00,14.00,16.00,1,1,1.0000
7,12,114.00,77.00,14.00,14.00,1,1,1.0000
7,13,57.00,95.00,20.00,22.00,1,1,0.0000
7,14,39.00,57.00,20.00,20.00,1,1,0.1352
8,1,43.00,105.00,20.00,13.00,1,1,0.0229
8,2,46.00,94.00,20.00,15.00,1,1,0.0000
8,3,50.00,66.00,20.00,15.00,1,1,0.0000
8,4,4.00,64.00,14.00,14.00,1,1,0.1290
8,5,24.00,43.00,22.00,22.00,1,1,0.9524
8,6,100.00,44.00,10.00,10.00,1,1,1.0000
8,7,103.00,76.00,14.00,20.00,1,1,0.9227
8,8,30.00,12.00,23.00,25.00,1,1,0.6195
8,9,5.00,59.00,22.00,20.00,1,1,1.0000
8,10,13.00,103.00,28.00,13.00,1,1,1.0000
8,11,94.00,19.00,14.00,16.00,1,1,1.0000
8,12,114.00,78.00,14.00,14.00,1,1,1.0000
8,13,57.00,97.00,20.00,22.00,1,1,0.0000
8,14,40.00,58.00,20.00,20.00,1,1,0.1321
9,1,45.00,105.00,20.00,13.00,1,1,0.0000
9,2,47.00,92.00,20.00,15.00,1,1,0.0000
9,3,49.00,67.00,19.00,15.00,1,1,0.0000
9,4,3.00,65.00,14.00,14.00,1,1,0.0577
9,5,22.00,42.00,22.00,22.00,1,1,1.0000
9,6,103.00,44.00,10.00,10.00,1,1,1.0000
9,7,103.00,77.00,14.00,20.00,1,1,0.8539
9,8,28.00,12.00,23.00,25.00,1,1,0.7467
9,9,3.00,59.00,22.00,21.00,1,1,1.0000
9,10,12.00,102.00,28.00,12.00,1,1,1.0000
9,11,93.00,21.00,15.00,15.00,1,1,1.0000
9,12,113.00,80.00,14.00,14.00,1,1,1.0000
9,13,57.00,99.00,20.00,22.00,1,1,0.0000
9,14,41.00,59.00,20.00,20.00,1,1,0.0994
10,1,47.00,105.00,20.00,13.00,1,1,0.0000
10,2,47.00,90.00,20.00,14.00,1,1,0.0000
10,3,47.00,68.00,19.00,15.00,1,1,0.0000
10,4,2.00,66.00,14.00,14.00,1,1,0.0327
10,5,20.00,41.00,22.00,22.00,1,1,1.0000
10,6,106.00,44.00,10.00,10.00,1,1,1.0000
10,7,104.00,78.00,14.00,20.00,1,1,0.7613
10,8,26.00,12.00,23.00,25.00,1,1,0.8594
10,9,1.00,60.00,22.00,20.00,1,1,1.0000
10,10,12.00,101.00,28.00,12.00,1,1,1.0000
10,11,93.00,22.00,15.00,16.00,1,1,1.0000
10,12,112.00,81.00,14.00,14.00,1,1,1.0000
10,13,57.00,101.00,20.00,22.00,1,1,0.0000
10,14,42.00,59.00,20.00,20.00,1,1,0.0599
11,1,49.00,105.00,20.00,13.00,1,1,0.0000
11,2,47.00,87.00,21.00,15.00,1,1,0.0000
11,3,45.00,69.00,20.00,15.00,1,1,0.0000
11,4,1.00,67.00,14.00,14.00,1,1,0.2244
11,5,18.00,40.00,22.00,22.00,1,1,1.0000
11,6,108.00,45.00,10.00,10.00,1,1,1.0000
11,7,104.00,79.00,14.00,20.00,1,1,0.6804
11,8,23.00,12.00,23.00,25.00,1,1,0.9532
11,9,3.00,61.00,22.00,20.00,1,1,1.0000
11,10,11.00,99.00,28.00,12.00,1,1,1.0000
11,11,93.00,23.00,14.00,16.00,1,1,1.0000
11,12,111.00,82.00,14.00,15.00,1,1,1.0000
11,13,57.00,103.00,20.00,22.00,1,1,0.0000
11,14,43.00,60.00,20.00,20.00,1,1,0.0253
12,1,51.00,105.00,20.00,13.00,1,1,0.0000
12,2,48.00,85.00,20.00,15.00,1,1,0.0000
12,3,43.00,70.00,20.00,15.00,1,1,0.0136
12,4,1.00,68.00,14.00,14.00,1,1,0.4481
12,5,17.00,39.00,22.00,22.00,1,1,1.0000
12,6,111.00,45.00,10.00,10.00,1,1,1.0000
12,7,105.00,81.00,14.00,20.00,1,1,0.5845
12,8,21.00,12.00,23.00,25.00,1,1,1.0000
12,9,5.00,61.00,22.00,20.00,1,1,1.0000
12,10,11.00,98.00,28.00,12.00,1,1,1.0000
12,11,93.00,25.00,14.00,15.00,1,1,1.0000
12,12,110.00,84.00,14.00,14.00,1,1,1.0000
12,13,57.00,105.00,20.00,23.00,1,1,0.0000
12,14,44.00,61.00,20.00,20.00,1,1,0.0000
13,1,53.00,105.00,20.00,13.00,1,1,0.0000
13,2,48.00,83.00,20.00,15.00,1,1,0.0000
13,3,42.00,71.00,19.00,14.00,1,1,0.0645
13,4,1.00,69.00,14.00,14.00,1,1,0.5962
13,5,15.00,38.00,22.00,22.00,1,1,1.0000
13,6,114.00,46.00,10.00,10.00,1,1,1.0000
13,7,105.00,82.00,14.00,20.00,1,1,0.5045
13,8,18.00,12.00,23.00,25.00,1,1,1.0000
13,9,7.00,62.00,22.00,20.00,1,1,1.0000
13,10,10.00,96.00,28.00,12.00,1,1,1.0000
13,11,92.00,26.00,15.00,16.00,1,1,1.0000
13,12,109.00,85.00,14.00,15.00,1,1,1.0000
13,13,57.00,107.00,20.00,21.00,1,1,0.0000
13,14,45.00,61.00,20.00,20.00,1,1,0.0000
14,1,55.00,105.00,20.00,13.00,1,1,0.0000
14,2,49.00,81.00,20.00,14.00,1,1,0.0000
14,3,40.00,72.00,19.00,14.00,1,1,0.1620
14,4,2.00,70.00,14.00,14.00,1,1,0.7255
14,5,13.00,37.00,22.00,22.00,1,1,1.0000
14,6,116.00,46.00,10.00,10.00,1,1,1.0000
14,7,106.00,83.00,14.00,20.00,1,1,0.4136
14,8,16.00,12.00,23.00,25.00,1,1,1.0000
14,9,10.00,62.00,21.00,21.00,1,1,1.0000
14,10,10.00,95.00,28.00,12.00,1,1,1.0000
14,11,92.00,27.00,15.00,16.00,1,1,1.0000
14,12,108.00,87.00,14.00,14.00,1,1,1.0000
14,13,57.00,105.00,20.00,23.00,1,1,0.0000
14,14,46.00,62.00,20.00,20.00,1,1,0.0000
15,1,57.00,105.00,20.00,13.00,1,1,0.0000
15,2,49.00,78.00,20.00,15.00,1,1,0.0000
15,3,38.00,73.00,20.00,14.00,1,1,0.2636
15,4,3.00,71.00,14.00,14.00,1,1,0.8387
15,5,11.00,36.00,22.00,22.00,1,1,0.9947
15,6,116.00,46.00,10.00,10.00,1,1,1.0000
15,7,106.00,84.00,14.00,20.00,1,1,0.3500
15,8,14.00,12.00,23.00,25.00,1,1,1.0000
15,9,12.00,63.00,22.00,20.00,1,1,1.0000
15,10,9.00,93.00,28.00,13.00,1,1,1.0000
15,11,92.00,29.00,14.00,15.00,1,1,1.0000
15,12,107.00,88.00,14.00,14.00,1,1,1.0000
15,13,57.00,103.00,20.00,23.00,1,1,0.0000
15,14,46.00,63.00,20.00,20.00,1,1,0.0000
16,1,59.00,105.00,20.00,13.00,1,1,0.0000
16,2,49.00,76.00,21.00,15.00,1,1,0.0000
16,3,36.00,74.00,20.00,14.00,1,1,0.3670
16,4,3.00,72.00,14.00,14.00,1,1,0.9226
16,5,9.00,35.00,22.00,22.00,1,1,0.9710
16,6,113.00,47.00,10.00,10.00,1,1,1.0000
16,7,107.00,85.00,14.00,20.00,1,1,0.3318
16,8,11.00,12.00,23.00,25.00,1,1,1.0000
16,9,14.00,64.00,22.00,20.00,1,1,1.0000
16,10,9.00,92.00,28.00,12.00,1,1,1.0000
16,11,92.00,30.00,14.00,16.00,1,1,1.0000
16,12,106.00,90.00,14.00,14.00,1,1,1.0000
16,13,57.00,101.00,20.00,23.00,1,1,0.0000
16,14,47.00,64.00,20.00,20.00,1,1,0.0000
17,1,61.00,105.00,20.00,13.00,1,1,0.0000
17,2,50.00,74.00,20.00,15.00,1,1,0.0000
17,3,35.00,74.00,19.00,15.00,1,1,0.4369
17,4,4.00,73.00,14.00,14.00,1,1,0.9935
17,5,7.00,34.00,22.00,22.00,1,1,0.9526
17,6,111.00,47.00,9.00,10.00,1,1,1.0000
17,7,107.00,87.00,14.00,20.00,1,1,0.3846
17,8,9.00,12.00,23.00,25.00,1,1,1.0000
17,9,16.00,64.00,22.00,20.00,1,1,1.0000
17,10,8.00,90.00,28.00,13.00,1,1,1.0000
17,11,92.00,32.00,14.00,15.00,1,1,1.0000
17,12,105.00,91.00,14.00,14.00,1,1,1.0000
17,13,57.00,99.00,20.00,23.00,1,1,0.0000
17,14,48.00,64.00,20.00,20.00,1,1,0.0000
18,1,63.00,105.00,20.00,13.00,1,1,0.0000
18,2,50.00,72.00,21.00,15.00,1,1,0.0000
18,3,33.00,75.00,19.00,15.00,1,1,0.4054
18,4,5.00,74.00,14.00,14.00,1,1,1.0000
18,5,5.00,33.00,22.00,22.00,1,1,0.9202
18,6,108.00,48.00,10.00,10.00,1,1,1.0000
18,7,108.00,88.00,14.00,20.00,1,1,0.4817
18,8,6.00,12.00,24.00,25.00,1,1,1.0000
18,9,19.00,65.00,21.00,20.00,1,1,1.0000
18,10,8.00,89.00,28.00,12.00,1,1,1.0000
18,11,91.00,33.00,15.00,16.00,1,1,1.0000
18,12,104.00,92.00,14.00,15.00,1,1,1.0000
18,13,57.00,97.00,20.00,22.00,1,1,0.0000
18,14,49.00,65.00,20.00,20.00,1,1,0.0000
19,1,65.00,105.00,20.00,13.00,1,1,0.0229
19,2,51.00,70.00,20.00,14.00,1,1,0.0000
19,3,31.00,76.00,19.00,15.00,1,1,0.3670
19,4,6.00,75.00,14.00,14.00,1,1,0.9742
19,5,4.00,32.00,21.00,23.00,1,1,0.8981
19,6,105.00,48.00,10.00,10.00,1,1,1.0000
19,7,108.00,89.00,14.00,20.00,1,1,0.5792
19,8,4.00,12.00,23.00,25.00,1,1,1.0000
19,9,21.00,65.00,22.00,21.00,1,1,1.0000
19,10,7.00,87.00,28.00,13.00,1,1,1.0000
19,11,91.00,34.00,14.00,16.00,1,1,1.0000
19,12,103.00,94.00,14.00,14.00,1,1,1.0000
19,13,57.00,95.00,19.00,22.00,1,1,0.0000
19,14,50.00,66.00,20.00,20.00,1,1,0.0000
20,1,67.00,105.00,20.00,13.00,1,1,0.0971
20,2,51.00,67.00,20.00,15.00,1,1,0.0000
20,3,29.00,77.00,20.00,15.00,1,1,0.3571
20,4,6.00,76.00,14.00,14.00,1,1,0.8247
20,5,2.00,31.00,22.00,23.00,1,1,0.8647
20,6,102.00,48.00,10.00,10.00,1,1,1.0000
20,7,108.00,90.00,15.00,20.00,1,1,0.6727
20,8,2.00,12.00,23.00,25.00,1,1,1.0000
20,9,23.00,66.00,22.00,20.00,1,1,0.9855
20,10,7.00,86.00,28.00,12.00,1,1,1.0000
20,11,91.00,36.00,14.00,15.00,1,1,1.0000
20,12,102.00,95.00,14.00,15.00,1,1,1.0000
20,13,57.00,93.00,19.00,22.00,1,1,0.0000
20,14,51.00,66.00,20.00,20.00,1,1,0.0000
21,1,69.00,105.00,20.00,13.00,1,1,0.1943
21,2,52.00,65.00,20.00,15.00,1,1,0.0000
21,3,27.00,78.00,20.00,15.00,1,1,0.3682
21,4,7.00,77.00,14.00,14.00,1,1,0.6299
21,5,0.00,30.00,22.00,23.00,1,1,0.8378
21,6,100.00,49.00,10.00,10.00,1,1,1.0000
21,7,109.00,91.00,14.00,20.00,1,1,0.7692
21,8,1.00,12.00,23.00,25.00,1,1,1.0000
21,9,25.00,67.00,22.00,20.00,1,1,0.9159
21,10,6.00,85.00,28.00,12.00,1,1,1.0000
21,11,91.00,37.00,14.00,16.00,1,1,0.9831
21,12,101.00,97.00,14.00,14.00,1,1,1.0000
21,13,56.00,91.00,20.00,22.00,1,1,0.0000
21,14,52.00,67.00,20.00,20.00,1,1,0.0000
22,1,71.00,105.00,20.00,13.00,1,1,0.3086
22,2,52.00,63.00,20.00,15.00,1,1,0.0000
22,3,26.00,79.00,19.00,15.00,1,1,0.4091
22,4,8.00,78.00,14.00,14.00,1,1,0.3718
22,5,1.00,30.00,22.00,22.00,1,1,0.8090
22,6,97.00,49.00,10.00,10.00,1,1,1.0000
22,7,109.00,93.00,14.00,19.00,1,1,0.8505
22,8,3.00,12.00,23.00,25.00,1,1,1.0000
22,9,28.00,67.00,21.00,20.00,1,1,0.8134
22,10,6.00,83.00,28.00,12.00,1,1,1.0000
22,11,90.00,38.00,15.00,16.00,1,1,0.9106
22,12,100.00,98.00,14.00,14.00,1,1,1.0000
22,13,56.00,89.00,20.00,22.00,1,1,0.0000
22,14,53.00,68.00,20.00,20.00,1,1,0.0000
23,1,73.00,105.00,20.00,13.00,1,1,0.4343
23,2,52.00,61.00,21.00,14.00,1,1,0.0000
23,3,24.00,80.00,19.00,15.00,1,1,0.4525
23,4,9.00,79.00,14.00,14.00,1,1,0.1818
23,5,3.00,29.00,22.00,22.00,1,1,0.7745
23,6,94.00,50.00,10.00,10.00,1,1,1.0000
23,7,110.00,94.00,14.00,20.00,1,1,0.9276
23,8,5.00,11.00,23.00,26.00,1,1,1.0000
23,9,30.00,68.00,22.00,20.00,1,1,0.6939
23,10,5.00,82.00,28.00,12.00,1,1,1.0000
23,11,90.00,40.00,14.00,15.00,1,1,0.8208
23,12,99.00,100.00,14.00,14.00,1,1,1.0000
23,13,56.00,87.00,20.00,22.00,1,1,0.0000
23,14,54.00,69.00,20.00,20.00,1,1,0.0000
24,1,75.00,105.00,20.00,13.00,1,1,0.5543
24,2,53.00,58.00,20.00,15.00,1,1,0.0000
24,3,22.00,81.00,20.00,14.00,1,1,0.5367
24,4,9.00,80.00,14.00,14.00,1,1,0.0974
24,5,5.00,28.00,22.00,22.00,1,1,0.7480
24,6,92.00,50.00,10.00,10.00,1,1,1.0000
24,7,110.00,95.00,14.00,20.00,1,1,0.9817
24,8,8.00,11.00,23.00,26.00,1,1,1.0000
24,9,32.00,68.00,22.00,21.00,1,1,0.5673
24,10,5.00,80.00,28.00,12.00,1,1,1.0000
24,11,90.00,41.00,14.00,16.00,1,1,0.7216
24,12,98.00,101.00,14.00,14.00,1,1,1.0000
24,13,56.00,85.00,20.00,22.00,1,1,0.0000
24,14,55.00,69.00,20.00,20.00,1,1,0.0000
25,1,77.00,105.00,20.00,13.00,1,1,0.6743
25,2,53.00,56.00,20.00,15.00,1,1,0.0000
25,3,20.00,82.00,20.00,14.00,1,1,0.6073
25,4,10.00,81.00,14.00,14.00,1,1,0.2436
25,5,7.00,27.00,22.00,22.00,1,1,0.7177
25,6,89.00,51.00,10.00,10.00,1,1,1.0000
25,7,110.00,96.00,14.00,20.00,1,1,0.9955
25,8,10.00,11.00,23.00,25.00,1,1,1.0000
25,9,34.00,69.00,22.00,20.00,1,1,0.4368
25,10,4.00,79.00,28.00,12.00,1,1,1.0000
25,11,90.00,42.00,14.00,16.00,1,1,0.6971
25,12,97.00,102.00,14.00,15.00,1,1,1.0000
25,13,56.00,82.00,20.00,23.00,1,1,0.0000
25,14,56.00,70.00,20.00,20.00,1,1,0.0000
26,1,79.00,105.00,20.00,13.00,1,1,0.7943
26,2,54.00,54.00,20.00,15.00,1,1,0.0000
26,3,19.00,83.00,19.00,14.00,1,1,0.6055
26,4,11.00,82.00,14.00,14.00,1,1,0.4713
26,5,9.00,26.00,22.00,22.00,1,1,0.6827
26,6,86.00,51.00,10.00,10.00,1,1,1.0000
26,7,110.00,97.00,14.00,20.00,1,1,1.0000
26,8,13.00,11.00,23.00,25.00,1,1,1.0000
26,9,36.00,70.00,22.00,20.00,1,1,0.3090
26,10,4.00,77.00,28.00,13.00,1,1,1.0000
26,11,89.00,44.00,15.00,15.00,1,1,0.7529
26,12,97.00,104.00,13.00,14.00,1,1,0.9864
26,13,56.00,80.00,20.00,23.00,1,1,0.0000
26,14,57.00,71.00,20.00,20.00,1,1,0.0000
27,1,81.00,105.00,20.00,13.00,1,1,0.8971
27,2,54.00,52.00,20.00,14.00,1,1,0.0000
27,3,17.00,84.00,19.00,14.00,1,1,0.5734
27,4,12.00,83.00,14.00,14.00,1,1,0.6645
27,5,10.00,25.00,22.00,22.00,1,1,0.6533
27,6,84.00,51.00,10.00,10.00,1,1,1.0000
27,7,109.00,98.00,14.00,20.00,1,1,1.0000
27,8,15.00,11.00,23.00,25.00,1,1,1.0000
27,9,39.00,70.00,21.00,20.00,1,1,0.1924
27,10,3.00,76.00,28.00,12.00,1,1,1.0000
27,11,89.00,45.00,15.00,16.00,1,1,0.8483
27,12,96.00,105.00,13.00,15.00,1,1,0.8200
27,13,56.00,78.00,20.00,23.00,1,1,0.0000
27,14,58.00,71.00,20.00,20.00,1,1,0.0000
28,1,83.00,105.00,20.00,13.00,1,1,0.9771
28,2,54.00,49.00,21.00,15.00,1,1,0.0000
28,3,15.00,84.00,20.00,15.00,1,1,0.4862
28,4,12.00,84.00,14.00,14.00,1,1,0.8609
28,5,12.00,24.00,22.00,22.00,1,1,0.6174
28,6,81.00,52.00,10.00,10.00,1,1,0.7375
28,7,109.00,100.00,14.00,20.00,1,1,1.0000
28,8,17.00,11.00,23.00,25.00,1,1,1.0000
28,9,41.00,71.00,22.00,20.00,1,1,0.0896
28,10,3.00,74.00,28.00,13.00,1,1,1.0000
28,11,89.00,47.00,14.00,15.00,1,1,0.9480
28,12,95.00,107.00,13.00,14.00,1,1,0.5946
28,13,56.00,76.00,20.00,23.00,1,1,0.0000
28,14,59.00,72.00,20.00,20.00,1,1,0.0000
29,1,85.00,105.00,20.00,13.00,1,1,1.0000
29,2,55.00,47.00,20.00,15.00,1,1,0.0000
29,3,13.00,85.00,20.00,15.00,1,1,0.3498
29,4,13.00,85.00,14.00,14.00,1,1,1.0000
29,5,14.00,23.00,22.00,22.00,1,1,0.6010
29,6,78.00,52.00,10.00,10.00,1,1,0.4051
29,7,108.00,101.00,14.00,20.00,1,1,1.0000
29,8,20.00,11.00,23.00,25.00,1,1,1.0000
29,9,43.00,71.00,22.00,20.00,1,1,0.0145
29,10,2.00,73.00,28.00,12.00,1,1,1.0000
29,11,89.00,48.00,14.00,16.00,1,1,1.0000
29,12,94.00,108.00,14.00,14.00,1,1,0.4133
29,13,56.00,74.00,20.00,23.00,1,1,0.0000
29,14,60.00,73.00,20.00,20.00,1,1,0.0000
30,1,87.00,105.00,20.00,13.00,1,1,1.0000
30,2,55.00,45.00,21.00,15.00,1,1,0.0000
30,3,12.00,86.00,19.00,15.00,1,1,0.3153
30,4,14.00,86.00,14.00,14.00,1,1,1.0000
30,5,16.00,22.00,22.00,22.00,1,1,0.5726
30,6,76.00,53.00,10.00,10.00,1,1,0.0909
30,7,108.00,102.00,14.00,20.00,1,1,1.0000
30,8,22.00,11.00,23.00,25.00,1,1,0.9823
30,9,45.00,72.00,22.00,20.00,1,1,0.0000
30,10,2.00,71.00,28.00,13.00,1,1,1.0000
30,11,88.00,49.00,15.00,16.00,1,1,1.0000
30,12,93.00,110.00,14.00,14.00,1,1,0.4459
30,13,56.00,72.00,20.00,23.00,1,1,0.0000
30,14,61.00,73.00,20.00,20.00,1,1,0.0000
31,1,89.00,105.00,20.00,13.00,1,1,1.0000
31,2,56.00,43.00,20.00,14.00,1,1,0.0000
31,3,10.00,87.00,19.00,15.00,1,1,0.3891
31,4,15.00,87.00,14.00,14.00,1,1,1.0000
31,5,18.00,21.00,22.00,22.00,1,1,0.5650
31,6,73.00,53.00,10.00,10.00,1,1,0.0000
31,7,107.00,103.00,14.00,20.00,1,1,0.9680
31,8,24.00,11.00,24.00,25.00,1,1,0.9038
31,9,48.00,72.00,21.00,21.00,1,1,0.0000
31,10,1.00,70.00,28.00,12.00,1,1,1.0000
31,11,88.00,51.00,15.00,15.00,1,1,1.0000
31,12,92.00,111.00,14.00,14.00,1,1,0.6376
31,13,56.00,70.00,20.00,22.00,1,1,0.0000
31,14,62.00,74.00,20.00,20.00,1,1,0.0000
