1,1,15.00,14.00,21.00,21.00,1,1,1.0000
1,2,24.00,37.00,15.00,13.00,1,1,1.0000
1,3,84.00,74.00,14.00,14.00,1,1,1.0000
1,4,44.00,34.00,11.00,14.00,1,1,0.0000
1,5,11.00,80.00,20.00,25.00,1,1,1.0000
1,6,66.00,60.00,16.00,19.00,1,1,0.0000
1,7,67.00,30.00,10.00,20.00,1,1,0.0000
1,8,98.00,104.00,26.00,14.00,1,1,1.0000
2,1,17.00,14.00,21.00,21.00,1,1,1.0000
2,2,22.00,35.00,15.00,13.00,1,1,1.0000
2,3,84.00,72.00,14.00,14.00,1,1,1.0000
2,4,42.00,36.00,11.00,13.00,1,1,0.1193
2,5,11.00,82.00,20.00,26.00,1,1,1.0000
2,6,68.00,58.00,15.00,19.00,1,1,0.0000
2,7,68.00,29.00,10.00,20.00,1,1,0.0000
2,8,97.00,103.00,26.00,14.00,1,1,1.0000
3,1,19.00,14.00,21.00,21.00,1,1,1.0000
3,2,20.00,34.00,15.00,13.00,1,1,1.0000
3,3,84.00,70.00,14.00,14.00,1,1,1.0000
3,4,41.00,38.00,11.00,13.00,1,1,0.2411
3,5,11.00,85.00,20.00,25.00,1,1,1.0000
3,6,69.00,56.00,16.00,19.00,1,1,0.0222
3,7,70.00,29.00,10.00,19.00,1,1,0.0000
3,8,97.00,102.00,26.00,14.00,1,1,1.0000
4,1,21.00,14.00,21.00,21.00,1,1,1.0000
4,2,17.00,33.00,16.00,13.00,1,1,1.0000
4,3,84.00,68.00,14.00,14.00,1,1,1.0000
4,4,39.00,40.00,11.00,13.00,1,1,0.4074
4,5,12.00,87.00,19.00,25.00,1,1,1.0000
4,6,71.00,54.00,15.00,19.00,1,1,0.0963
4,7,71.00,28.00,10.00,20.00,1,1,0.0000
4,8,96.00,101.00,26.00,14.00,1,1,1.0000
5,1,23.00,14.00,21.00,21.00,1,1,1.0000
5,2,15.00,31.00,15.00,13.00,1,1,1.0000
5,3,84.00,66.00,14.00,14.00,1,1,1.0000
5,4,38.00,42.00,11.00,13.00,1,1,0.5714
5,5,12.00,89.00,20.00,26.00,1,1,1.0000
5,6,72.00,53.00,16.00,18.00,1,1,0.1881
5,7,72.00,27.00,11.00,20.00,1,1,0.0000
5,8,95.00,100.00,26.00,14.00,1,1,1.0000
6,1,25.00,14.00,21.00,21.00,1,1,0.9549
6,2,13.00,30.00,15.00,13.00,1,1,1.0000
6,3,84.00,64.00,14.00,14.00,1,1,1.0000
6,4,37.00,44.00,10.00,13.00,1,1,0.7358
6,5,12.00,91.00,20.00,26.00,1,1,1.0000
6,6,74.00,51.00,15.00,19.00,1,1,0.2715
6,7,74.00,27.00,10.00,20.00,1,1,0.0000
6,8,94.00,99.00,26.00,14.00,1,1,1.0000
7,1,27.00,14.00,21.00,21.00,1,1,0.8715
7,2,10.00,29.00,16.00,13.00,1,1,1.0000
7,3,84.00,62.00,15.00,14.00,1,1,1.0000
7,4,35.00,45.00,11.00,14.00,1,1,0.8727
7,5,12.00,94.00,20.00,25.00,1,1,1.0000
7,6,76.00,49.00,15.00,19.00,1,1,0.3733
7,7,75.00,26.00,10.00,20.00,1,1,0.0705
7,8,93.00,98.00,26.00,14.00,1,1,1.0000
8,1,29.00,14.00,21.00,21.00,1,1,0.7708
8,2,8.00,27.00,15.00,13.00,1,1,1.0000
8,3,84.00,60.00,15.00,14.00,1,1,1.0000
8,4,34.00,47.00,11.00,13.00,1,1,0.9727
8,5,12.00,96.00,20.00,25.00,1,1,1.0000
8,6,77.00,47.00,15.00,19.00,1,1,0.4480
8,7,76.00,26.00,11.00,19.00,1,1,0.2078
8,8,93.00,97.00,26.00,14.00,1,1,1.0000
9,1,31.00,14.00,21.00,21.00,1,1,0.6562
9,2,6.00,26.00,15.00,13.00,1,1,1.0000
9,3,84.00,58.00,15.00,14.00,1,1,1.0000
9,4,32.00,49.00,11.00,13.00,1,1,1.0000
9,5,13.00,98.00,19.00,26.00,1,1,1.0000
9,6,79.00,45.00,15.00,19.00,1,1,0.5430
9,7,78.00,25.00,10.00,20.00,1,1,0.3734
9,8,92.00,96.00,26.00,14.00,1,1,1.0000
10,1,33.00,14.00,21.00,21.00,1,1,0.5347
10,2,3.00,25.00,16.00,13.00,1,1,1.0000
10,3,84.00,56.00,15.00,14.00,1,1,1.0000
10,4,31.00,51.00,11.00,13.00,1,1,1.0000
10,5,13.00,101.00,20.00,25.00,1,1,1.0000
10,6,80.00,43.00,16.00,19.00,1,1,0.6147
10,7,79.00,24.00,10.00,20.00,1,1,0.5290
10,8,91.00,95.00,26.00,14.00,1,1,1.0000
11,1,35.00,14.00,21.00,21.00,1,1,0.4097
11,2,1.00,23.00,16.00,13.00,1,1,1.0000
11,3,84.00,53.00,15.00,15.00,1,1,1.0000
11,4,29.00,53.00,11.00,13.00,1,1,1.0000
11,5,13.00,103.00,20.00,25.00,1,1,1.0000
11,6,82.00,41.00,15.00,19.00,1,1,0.6941
11,7,81.00,24.00,10.00,20.00,1,1,0.7134
11,8,90.00,94.00,26.00,14.00,1,1,1.0000
12,1,37.00,14.00,21.00,21.00,1,1,0.2917
12,2,0.00,22.00,14.00,13.00,1,1,1.0000
12,3,84.00,51.00,15.00,15.00,1,1,1.0000
12,4,28.00,55.00,11.00,13.00,1,1,1.0000
12,5,13.00,105.00,20.00,23.00,1,1,1.0000
12,6,83.00,40.00,16.00,19.00,1,1,0.7306
12,7,82.00,23.00,10.00,20.00,1,1,0.8418
12,8,90.00,93.00,25.00,14.00,1,1,1.0000
13,1,39.00,14.00,21.00,21.00,1,1,0.1771
13,2,1.00,21.00,15.00,13.00,1,1,1.0000
13,3,85.00,49.00,14.00,15.00,1,1,1.0000
13,4,27.00,56.00,11.00,14.00,1,1,1.0000
13,5,13.00,106.00,20.00,22.00,1,1,1.0000
13,6,85.00,38.00,15.00,19.00,1,1,0.7385
13,7,83.00,23.00,10.00,19.00,1,1,0.9295
13,8,89.00,92.00,26.00,14.00,1,1,1.0000
14,1,41.00,14.00,21.00,21.00,1,1,0.0833
14,2,3.00,19.00,16.00,13.00,1,1,1.0000
14,3,85.00,47.00,14.00,15.00,1,1,1.0000
14,4,25.00,58.00,11.00,13.00,1,1,1.0000
14,5,14.00,104.00,19.00,24.00,1,1,1.0000
14,6,86.00,36.00,16.00,19.00,1,1,0.7578
14,7,85.00,22.00,10.00,20.00,1,1,0.9295
14,8,88.00,91.00,26.00,14.00,1,1,1.0000
15,1,43.00,14.00,21.00,21.00,1,1,0.0139
15,2,6.00,18.00,15.00,13.00,1,1,1.0000
15,3,85.00,45.00,14.00,15.00,1,1,1.0000
15,4,24.00,60.00,11.00,13.00,1,1,1.0000
15,5,14.00,101.00,20.00,26.00,1,1,1.0000
15,6,88.00,34.00,15.00,19.00,1,1,0.7937
15,7,86.00,21.00,10.00,20.00,1,1,0.8797
15,8,87.00,89.00,26.00,15.00,1,1,1.0000
16,1,45.00,14.00,21.00,21.00,1,1,0.0000
16,2,8.00,17.00,15.00,13.00,1,1,1.0000
16,3,85.00,43.00,14.00,15.00,1,1,1.0000
16,4,22.00,62.00,11.00,13.00,1,1,1.0000
16,5,14.00,99.00,20.00,26.00,1,1,1.0000
16,6,89.00,32.00,16.00,19.00,1,1,0.8259
16,7,87.00,21.00,11.00,20.00,1,1,0.8344
16,8,86.00,88.00,26.00,15.00,1,1,1.0000
17,1,47.00,14.00,21.00,21.00,1,1,0.0000
17,2,10.00,15.00,16.00,13.00,1,1,1.0000
17,3,85.00,41.00,14.00,15.00,1,1,1.0000
17,4,21.00,64.00,11.00,13.00,1,1,1.0000
17,5,14.00,97.00,20.00,25.00,1,1,1.0000
17,6,91.00,30.00,15.00,19.00,1,1,0.8721
17,7,89.00,20.00,10.00,20.00,1,1,0.7925
17,8,86.00,87.00,25.00,14.00,1,1,1.0000
18,1,49.00,14.00,21.00,21.00,1,1,0.0000
18,2,13.00,14.00,15.00,13.00,1,1,1.0000
18,3,85.00,39.00,14.00,15.00,1,1,1.0000
18,4,20.00,66.00,10.00,13.00,1,1,1.0000
18,5,14.00,95.00,20.00,25.00,1,1,1.0000
18,6,92.00,29.00,16.00,18.00,1,1,0.9174
18,7,90.00,20.00,10.00,19.00,1,1,0.7468
18,8,85.00,86.00,26.00,14.00,1,1,1.0000
19,1,51.00,14.00,21.00,21.00,1,1,0.0000
19,2,15.00,13.00,15.00,13.00,1,1,1.0000
19,3,85.00,37.00,15.00,15.00,1,1,1.0000
19,4,18.00,67.00,11.00,14.00,1,1,1.0000
19,5,15.00,92.00,19.00,26.00,1,1,1.0000
19,6,94.00,27.00,15.00,19.00,1,1,0.9541
19,7,91.00,19.00,11.00,20.00,1,1,0.6899
19,8,84.00,85.00,26.00,14.00,1,1,1.0000
20,1,53.00,14.00,21.00,21.00,1,1,0.0000
20,2,17.00,11.00,15.00,13.00,1,1,1.0000
20,3,85.00,35.00,15.00,15.00,1,1,1.0000
20,4,17.00,69.00,11.00,13.00,1,1,1.0000
20,5,15.00,90.00,20.00,25.00,1,1,1.0000
20,6,95.00,25.00,16.00,19.00,1,1,0.9909
20,7,93.00,18.00,10.00,20.00,1,1,0.6415
20,8,83.00,84.00,26.00,14.00,1,1,0.9894
21,1,55.00,14.00,21.00,21.00,1,1,0.0000
21,2,19.00,10.00,16.00,13.00,1,1,1.0000
21,3,85.00,33.00,15.00,15.00,1,1,1.0000
21,4,15.00,71.00,11.00,13.00,1,1,1.0000
21,5,15.00,88.00,20.00,25.00,1,1,1.0000
21,6,97.00,23.00,15.00,19.00,1,1,1.0000
21,7,94.00,18.00,10.00,20.00,1,1,0.6013
21,8,82.00,83.00,26.00,14.00,1,1,0.9720
22,1,57.00,14.00,21.00,21.00,1,1,0.0000
22,2,22.00,9.00,15.00,13.00,1,1,1.0000
22,3,85.00,31.00,15.00,15.00,1,1,1.0000
22,4,14.00,73.00,11.00,13.00,1,1,1.0000
22,5,15.00,85.00,20.00,26.00,1,1,0.9972
22,6,99.00,21.00,15.00,19.00,1,1,1.0000
22,7,95.00,17.00,11.00,20.00,1,1,0.5732
22,8,82.00,82.00,25.00,14.00,1,1,0.9577
23,1,59.00,14.00,21.00,21.00,1,1,0.0000
23,2,24.00,7.00,15.00,13.00,1,1,1.0000
23,3,85.00,29.00,15.00,15.00,1,1,1.0000
23,4,12.00,75.00,11.00,13.00,1,1,1.0000
23,5,15.00,83.00,20.00,25.00,1,1,0.9462
23,6,100.00,19.00,15.00,19.00,1,1,1.0000
23,7,97.00,16.00,10.00,20.00,1,1,0.5478
23,8,81.00,81.00,26.00,14.00,1,1,0.9273
24,1,61.00,14.00,21.00,21.00,1,1,0.0000
24,2,26.00,6.00,16.00,13.00,1,1,1.0000
24,3,85.00,27.00,15.00,15.00,1,1,1.0000
24,4,11.00,77.00,11.00,13.00,1,1,1.0000
24,5,16.00,81.00,19.00,25.00,1,1,0.8960
24,6,102.00,17.00,15.00,19.00,1,1,1.0000
24,7,98.00,16.00,10.00,20.00,1,1,0.5500
24,8,80.00,80.00,26.00,14.00,1,1,0.8986
25,1,63.00,14.00,21.00,21.00,1,1,0.0000
25,2,29.00,5.00,15.00,13.00,1,1,1.0000
25,3,85.00,25.00,15.00,15.00,1,1,1.0000
25,4,10.00,78.00,11.00,14.00,1,1,1.0000
25,5,16.00,78.00,20.00,26.00,1,1,0.8952
25,6,103.00,16.00,16.00,18.00,1,1,1.0000
25,7,100.00,15.00,10.00,20.00,1,1,0.5190
25,8,79.00,79.00,26.00,14.00,1,1,0.8711
26,1,65.00,14.00,21.00,21.00,1,1,0.0451
26,2,31.00,3.00,15.00,13.00,1,1,0.9139
26,3,86.00,23.00,14.00,15.00,1,1,1.0000
26,4,8.00,80.00,11.00,13.00,1,1,1.0000
26,5,16.00,76.00,20.00,26.00,1,1,0.9380
26,6,105.00,14.00,15.00,19.00,1,1,1.0000
26,7,101.00,15.00,10.00,19.00,1,1,0.5223
26,8,78.00,78.00,26.00,14.00,1,1,0.8397
27,1,67.00,14.00,21.00,21.00,1,1,0.1111
27,2,33.00,2.00,15.00,13.00,1,1,0.7647
27,3,86.00,21.00,14.00,15.00,1,1,1.0000
27,4,7.00,82.00,11.00,13.00,1,1,1.0000
27,5,16.00,74.00,20.00,25.00,1,1,0.9915
27,6,106.00,12.00,16.00,19.00,1,1,1.0000
27,7,102.00,14.00,10.00,20.00,1,1,0.5449
27,8,78.00,77.00,26.00,14.00,1,1,0.8134
28,1,69.00,14.00,21.00,21.00,1,1,0.1806
28,2,35.00,3.00,16.00,13.00,1,1,0.5695
28,3,86.00,19.00,14.00,15.00,1,1,1.0000
28,4,5.00,84.00,11.00,13.00,1,1,1.0000
28,5,16.00,72.00,20.00,25.00,1,1,1.0000
28,6,108.00,10.00,15.00,19.00,1,1,1.0000
28,7,104.00,13.00,10.00,20.00,1,1,0.5633
28,8,77.00,76.00,26.00,14.00,1,1,0.7692
29,1,71.00,14.00,21.00,21.00,1,1,0.2639
29,2,38.00,5.00,15.00,13.00,1,1,0.3867
29,3,86.00,17.00,14.00,15.00,1,1,1.0000
29,4,4.00,86.00,11.00,13.00,1,1,1.0000
29,5,17.00,69.00,19.00,26.00,1,1,1.0000
29,6,109.00,8.00,16.00,19.00,1,1,1.0000
29,7,105.00,13.00,10.00,20.00,1,1,0.5975
29,8,76.00,75.00,26.00,14.00,1,1,0.7378
30,1,73.00,14.00,21.00,21.00,1,1,0.3611
30,2,40.00,6.00,15.00,13.00,1,1,0.2039
30,3,86.00,15.00,14.00,15.00,1,1,1.0000
30,4,3.00,87.00,10.00,14.00,1,1,1.0000
30,5,17.00,67.00,20.00,25.00,1,1,1.0000
30,6,109.00,6.00,15.00,19.00,1,1,1.0000
30,7,106.00,12.00,11.00,20.00,1,1,0.4843
30,8,75.00,74.00,26.00,14.00,1,1,0.7014
31,1,75.00,14.00,21.00,21.00,1,1,0.4688
31,2,42.00,7.00,16.00,13.00,1,1,0.0592
31,3,86.00,13.00,14.00,15.00,1,1,1.0000
31,4,3.00,89.00,11.00,14.00,1,1,1.0000
31,5,17.00,65.00,20.00,25.00,1,1,1.0000
31,6,107.00,4.00,16.00,19.00,1,1,1.0000
31,7,108.00,12.00,10.00,19.00,1,1,0.4295
31,8,74.00,73.00,26.00,14.00,1,1,0.6608
32,1,77.00,14.00,21.00,21.00,1,1,0.5833
32,2,45.00,9.00,15.00,13.00,1,1,0.0000
32,3,86.00,11.00,15.00,15.00,1,1,1.0000
32,4,4.00,91.00,11.00,13.00,1,1,1.0000
32,5,17.00,62.00,20.00,26.00,1,1,1.0000
32,6,106.00,3.00,15.00,18.00,1,1,1.0000
32,7,109.00,11.00,10.00,20.00,1,1,0.5562
32,8,74.00,72.00,26.00,14.00,1,1,0.6224
33,1,79.00,14.00,21.00,21.00,1,1,0.7118
33,2,47.00,10.00,15.00,13.00,1,1,0.0000
33,3,86.00,9.00,15.00,15.00,1,1,1.0000
33,4,6.00,93.00,11.00,13.00,1,1,1.0000
33,5,17.00,60.00,20.00,25.00,1,1,1.0000
33,6,104.00,1.00,16.00,19.00,1,1,1.0000
33,7,110.00,10.00,11.00,20.00,1,1,0.7547
33,8,73.00,71.00,26.00,14.00,1,1,0.5965
34,1,81.00,14.00,21.00,21.00,1,1,0.8264
34,2,49.00,11.00,15.00,13.00,1,1,0.0000
34,3,86.00,7.00,15.00,15.00,1,1,1.0000
34,4,7.00,95.00,11.00,13.00,1,1,1.0000
34,5,18.00,58.00,19.00,25.00,1,1,1.0000
34,6,103.00,0.00,15.00,18.00,1,1,1.0000
34,7,112.00,10.00,10.00,20.00,1,1,0.9423
34,8,72.00,70.00,26.00,14.00,1,1,0.5512
35,1,83.00,14.00,21.00,21.00,1,1,0.9271
35,2,51.00,13.00,16.00,13.00,1,1,0.0000
35,3,86.00,5.00,15.00,15.00,1,1,1.0000
35,4,9.00,97.00,11.00,13.00,1,1,1.0000
35,5,18.00,55.00,20.00,26.00,1,1,1.0000
35,6,101.00,0.00,15.00,18.00,1,1,1.0000
35,7,113.00,9.00,10.00,20.00,1,1,1.0000
35,8,71.00,68.00,26.00,15.00,1,1,0.5053
36,1,85.00,14.00,21.00,21.00,1,1,0.9688
36,2,54.00,14.00,15.00,13.00,1,1,0.0000
36,3,86.00,3.00,15.00,15.00,1,1,1.0000
36,4,10.00,99.00,11.00,13.00,1,1,1.0000
36,5,18.00,53.00,20.00,26.00,1,1,1.0000
36,6,100.00,1.00,15.00,19.00,1,1,0.9817
36,7,115.00,8.00,10.00,20.00,1,1,1.0000
36,8,70.00,67.00,26.00,15.00,1,1,0.4632
37,1,87.00,14.00,21.00,21.00,1,1,0.8889
37,2,56.00,15.00,15.00,13.00,1,1,0.0000
37,3,86.00,4.00,15.00,14.00,1,1,1.0000
37,4,11.00,100.00,11.00,14.00,1,1,1.0000
37,5,18.00,51.00,20.00,25.00,1,1,1.0000
37,6,98.00,3.00,15.00,19.00,1,1,0.9136
37,7,116.00,8.00,10.00,20.00,1,1,1.0000
37,8,70.00,66.00,26.00,14.00,1,1,0.4331
38,1,89.00,14.00,21.00,21.00,1,1,0.7257
38,2,58.00,17.00,16.00,13.00,1,1,0.0000
38,3,87.00,6.00,14.00,14.00,1,1,1.0000
38,4,13.00,102.00,11.00,13.00,1,1,1.0000
38,5,18.00,49.00,20.00,25.00,1,1,1.0000
38,6,96.00,5.00,16.00,19.00,1,1,0.8571
38,7,117.00,7.00,10.00,20.00,1,1,1.0000
38,8,69.00,65.00,26.00,14.00,1,1,0.3908
39,1,91.00,14.00,21.00,21.00,1,1,0.5938
39,2,61.00,18.00,15.00,13.00,1,1,0.0000
39,3,87.00,8.00,14.00,14.00,1,1,1.0000
39,4,14.00,104.00,11.00,13.00,1,1,1.0000
39,5,19.00,46.00,19.00,26.00,1,1,1.0000
39,6,95.00,6.00,15.00,19.00,1,1,0.7742
39,7,116.00,7.00,10.00,20.00,1,1,1.0000
39,8,68.00,64.00,26.00,14.00,1,1,0.3531
40,1,93.00,14.00,21.00,21.00,1,1,0.5000
40,2,63.00,19.00,15.00,13.00,1,1,0.0000
40,3,87.00,10.00,14.00,14.00,1,1,1.0000
40,4,16.00,106.00,11.00,13.00,1,1,1.0000
40,5,19.00,44.00,20.00,25.00,1,1,1.0000
40,6,93.00,8.00,16.00,19.00,1,1,0.7009
40,7,115.00,6.00,10.00,20.00,1,1,1.0000
40,8,67.00,63.00,26.00,14.00,1,1,0.3147
41,1,95.00,14.00,21.00,21.00,1,1,0.5660
41,2,65.00,21.00,15.00,13.00,1,1,0.0000
41,3,87.00,12.00,14.00,14.00,1,1,1.0000
41,4,17.00,108.00,11.00,13.00,1,1,1.0000
41,5,19.00,42.00,20.00,25.00,1,1,1.0000
41,6,92.00,10.00,15.00,19.00,1,1,0.6210
41,7,114.00,5.00,10.00,20.00,1,1,1.0000
41,8,66.00,62.00,26.00,14.00,1,1,0.2792
42,1,97.00,14.00,21.00,21.00,1,1,0.6875
42,2,67.00,22.00,16.00,13.00,1,1,0.0000
42,3,87.00,14.00,14.00,14.00,1,1,1.0000
42,4,19.00,109.00,11.00,14.00,1,1,1.0000
42,5,19.00,39.00,20.00,26.00,1,1,1.0000
42,6,90.00,12.00,16.00,19.00,1,1,0.5500
42,7,112.00,5.00,10.00,20.00,1,1,0.9686
42,8,66.00,61.00,26.00,14.00,1,1,0.2465
43,1,99.00,14.00,21.00,21.00,1,1,0.8507
43,2,70.00,23.00,15.00,13.00,1,1,0.0331
43,3,87.00,16.00,14.00,14.00,1,1,1.0000
43,4,20.00,111.00,11.00,14.00,1,1,1.0000
43,5,19.00,37.00,20.00,26.00,1,1,1.0000
43,6,89.00,14.00,15.00,19.00,1,1,0.4864
43,7,111.00,4.00,10.00,20.00,1,1,0.8562
43,8,65.00,60.00,26.00,14.00,1,1,0.2091
44,1,101.00,14.00,21.00,21.00,1,1,0.9792
44,2,72.00,25.00,15.00,13.00,1,1,0.1600
44,3,87.00,18.00,15.00,14.00,1,1,1.0000
44,4,21.00,113.00,11.00,13.00,1,1,1.0000
44,5,20.00,35.00,19.00,25.00,1,1,1.0000
44,6,87.00,16.00,16.00,19.00,1,1,0.4369
44,7,109.00,4.00,11.00,20.00,1,1,0.7516
44,8,64.00,59.00,26.00,14.00,1,1,0.1765
45,1,103.00,14.00,21.00,21.00,1,1,1.0000
45,2,74.00,26.00,16.00,13.00,1,1,0.1830
45,3,87.00,20.00,15.00,14.00,1,1,1.0000
45,4,23.00,115.00,11.00,13.00,1,1,1.0000
45,5,20.00,32.00,20.00,26.00,1,1,1.0000
45,6,86.00,18.00,15.00,19.00,1,1,0.4286
45,7,108.00,3.00,10.00,20.00,1,1,0.6708
45,8,63.00,58.00,26.00,14.00,1,1,0.1424
46,1,105.00,14.00,21.00,21.00,1,1,1.0000
46,2,77.00,27.00,15.00,13.00,1,1,0.0993
46,3,87.00,22.00,15.00,14.00,1,1,1.0000
46,4,24.00,115.00,11.00,13.00,1,1,1.0000
46,5,20.00,30.00,20.00,26.00,1,1,1.0000
46,6,84.00,19.00,16.00,19.00,1,1,0.4751
46,7,107.00,2.00,10.00,20.00,1,1,0.6478
46,8,62.00,57.00,26.00,14.00,1,1,0.1088
47,1,107.00,14.00,21.00,21.00,1,1,1.0000
47,2,79.00,29.00,15.00,13.00,1,1,0.0592
47,3,87.00,24.00,15.00,14.00,1,1,1.0000
47,4,26.00,113.00,11.00,13.00,1,1,1.0000
47,5,20.00,28.00,20.00,25.00,1,1,1.0000
47,6,83.00,21.00,15.00,19.00,1,1,0.5045
47,7,105.00,2.00,11.00,20.00,1,1,0.7134
47,8,62.00,56.00,26.00,14.00,1,1,0.0807
48,1,109.00,14.00,19.00,21.00,1,1,1.0000
48,2,81.00,30.00,16.00,13.00,1,1,0.0915
48,3,87.00,26.00,15.00,14.00,1,1,1.0000
48,4,27.00,111.00,11.00,14.00,1,1,1.0000
48,5,20.00,26.00,20.00,25.00,1,1,1.0000
48,6,81.00,23.00,16.00,19.00,1,1,0.4864
48,7,104.00,1.00,10.00,20.00,1,1,0.8924
48,8,61.00,55.00,26.00,14.00,1,1,0.0625
49,1,109.00,14.00,19.00,21.00,1,1,1.0000
49,2,83.00,31.00,16.00,13.00,1,1,0.1133
49,3,87.00,28.00,15.00,14.00,1,1,1.0000
49,4,28.00,109.00,11.00,14.00,1,1,1.0000
49,5,21.00,23.00,19.00,26.00,1,1,1.0000
49,6,80.00,25.00,15.00,19.00,1,1,0.4725
49,7,103.00,1.00,10.00,19.00,1,1,0.9613
49,8,60.00,54.00,26.00,14.00,1,1,0.0381
50,1,107.00,14.00,21.00,21.00,1,1,1.0000
50,2,86.00,33.00,15.00,13.00,1,1,0.1513
50,3,87.00,30.00,15.00,14.00,1,1,1.0000
50,4,30.00,108.00,11.00,13.00,1,1,1.0000
50,5,21.00,21.00,20.00,25.00,1,1,1.0000
50,6,78.00,27.00,15.00,19.00,1,1,0.4338
50,7,101.00,1.00,10.00,20.00,1,1,0.9290
50,8,59.00,53.00,26.00,14.00,1,1,0.0175
51,1,105.00,14.00,21.00,21.00,1,1,1.0000
51,2,88.00,34.00,15.00,13.00,1,1,0.2583
51,3,88.00,32.00,14.00,14.00,1,1,1.0000
51,4,31.00,106.00,11.00,13.00,1,1,1.0000
51,5,21.00,19.00,20.00,25.00,1,1,1.0000
51,6,77.00,29.00,15.00,19.00,1,1,0.3889
51,7,100.00,2.00,10.00,20.00,1,1,0.8797
51,8,59.00,52.00,25.00,14.00,1,1,0.0000
52,1,103.00,14.00,21.00,21.00,1,1,1.0000
52,2,90.00,35.00,16.00,13.00,1,1,0.3487
52,3,88.00,34.00,14.00,14.00,1,1,1.0000
52,4,33.00,104.00,11.00,13.00,1,1,1.0000
52,5,21.00,16.00,20.00,26.00,1,1,1.0000
52,6,75.00,31.00,15.00,18.00,1,1,0.3242
52,7,99.00,2.00,10.00,20.00,1,1,0.8323
52,8,58.00,51.00,26.00,14.00,1,1,0.0000
53,1,101.00,14.00,21.00,21.00,1,1,1.0000
53,2,93.00,37.00,15.00,13.00,1,1,0.5000
53,3,88.00,36.00,14.00,14.00,1,1,1.0000
53,4,34.00,102.00,11.00,13.00,1,1,0.9455
53,5,21.00,14.00,20.00,26.00,1,1,1.0000
53,6,73.00,32.00,16.00,19.00,1,1,0.2500
53,7,97.00,3.00,10.00,20.00,1,1,0.7799
53,8,57.00,50.00,26.00,14.00,1,1,0.0000
54,1,99.00,14.00,21.00,21.00,1,1,1.0000
54,2,95.00,38.00,15.00,13.00,1,1,0.6732
54,3,88.00,38.00,14.00,14.00,1,1,1.0000
54,4,36.00,100.00,11.00,14.00,1,1,0.8349
54,5,22.00,12.00,19.00,25.00,1,1,1.0000
54,6,72.00,34.00,15.00,19.00,1,1,0.1560
54,7,96.00,4.00,10.00,19.00,1,1,0.7290
54,8,56.00,48.00,26.00,15.00,1,1,0.0000
55,1,97.00,14.00,21.00,21.00,1,1,1.0000
55,2,97.00,39.00,16.00,13.00,1,1,0.8247
55,3,88.00,40.00,14.00,14.00,1,1,1.0000
55,4,37.00,99.00,11.00,13.00,1,1,0.6759
55,5,22.00,10.00,20.00,25.00,1,1,1.0000
55,6,70.00,36.00,16.00,19.00,1,1,0.0714
55,7,94.00,4.00,11.00,20.00,1,1,0.6582
55,8,55.00,47.00,26.00,15.00,1,1,0.0000
56,1,95.00,14.00,21.00,21.00,1,1,1.0000
56,2,100.00,41.00,15.00,13.00,1,1,0.9595
56,3,88.00,42.00,14.00,14.00,1,1,1.0000
56,4,38.00,97.00,11.00,13.00,1,1,0.5229
56,5,22.00,7.00,20.00,26.00,1,1,1.0000
56,6,69.00,38.00,15.00,19.00,1,1,0.0000
56,7,93.00,5.00,10.00,20.00,1,1,0.5975
56,8,55.00,46.00,25.00,14.00,1,1,0.0000
57,1,93.00,14.00,21.00,21.00,1,1,1.0000
57,2,102.00,42.00,15.00,13.00,1,1,1.0000
57,3,88.00,44.00,15.00,14.00,1,1,1.0000
57,4,40.00,95.00,11.00,13.00,1,1,0.3423
57,5,22.00,5.00,20.00,25.00,1,1,1.0000
57,6,67.00,40.00,16.00,19.00,1,1,0.0000
57,7,92.00,5.00,10.00,20.00,1,1,0.5316
57,8,54.00,45.00,26.00,14.00,1,1,0.0000
58,1,91.00,14.00,21.00,21.00,1,1,1.0000
58,2,104.00,43.00,15.00,13.00,1,1,1.0000
58,3,88.00,46.00,15.00,15.00,1,1,1.0000
58,4,41.00,93.00,11.00,13.00,1,1,0.2072
58,5,22.00,3.00,20.00,25.00,1,1,1.0000
58,6,66.00,42.00,15.00,19.00,1,1,0.0000
58,7,90.00,6.00,11.00,20.00,1,1,0.4586
58,8,53.00,44.00,26.00,14.00,1,1,0.0000
