1,1,16.00,85.00,18.00,26.00,1,1,1.0000
1,2,111.00,67.00,14.00,14.00,1,1,1.0000
1,3,31.00,47.00,19.00,21.00,1,1,0.7660
1,4,70.00,8.00,11.00,13.00,1,1,0.0000
1,5,17.00,44.00,22.00,17.00,1,1,0.8485
1,6,30.00,66.00,18.00,26.00,1,1,0.8852
1,7,65.00,61.00,24.00,16.00,1,1,0.1987
1,8,26.00,69.00,11.00,23.00,1,1,0.4021
1,9,13.00,23.00,21.00,21.00,1,1,1.0000
1,10,48.00,78.00,14.00,14.00,1,1,0.0000
2,1,18.00,85.00,18.00,26.00,1,1,0.9865
2,2,109.00,66.00,14.00,14.00,1,1,1.0000
2,3,31.00,44.00,19.00,22.00,1,1,0.7987
2,4,70.00,5.00,10.00,14.00,1,1,0.0000
2,5,18.00,44.00,22.00,17.00,1,1,0.7358
2,6,30.00,67.00,18.00,26.00,1,1,0.8723
2,7,66.00,60.00,24.00,16.00,1,1,0.2274
2,8,28.00,71.00,11.00,23.00,1,1,0.2063
2,9,11.00,23.00,22.00,21.00,1,1,1.0000
2,10,47.00,77.00,14.00,14.00,1,1,0.0000
3,1,20.00,85.00,18.00,26.00,1,1,0.9297
3,2,107.00,66.00,14.00,14.00,1,1,1.0000
3,3,31.00,42.00,19.00,21.00,1,1,0.8013
3,4,70.00,3.00,10.00,13.00,1,1,0.0000
3,5,19.00,44.00,22.00,17.00,1,1,0.6250
3,6,31.00,68.00,18.00,26.00,1,1,0.8529
3,7,66.00,59.00,24.00,16.00,1,1,0.2600
3,8,29.00,73.00,11.00,23.00,1,1,0.1011
3,9,10.00,23.00,21.00,21.00,1,1,1.0000
3,10,47.00,76.00,14.00,14.00,1,1,0.0000
4,1,22.00,85.00,18.00,26.00,1,1,0.8595
4,2,105.00,65.00,14.00,14.00,1,1,1.0000
4,3,31.00,40.00,19.00,21.00,1,1,0.8103
4,4,69.00,1.00,11.00,14.00,1,1,0.0000
4,5,20.00,44.00,22.00,17.00,1,1,0.5358
4,6,31.00,69.00,18.00,26.00,1,1,0.8374
4,7,67.00,58.00,24.00,16.00,1,1,0.2910
4,8,31.00,75.00,11.00,24.00,1,1,0.0105
4,9,9.00,23.00,21.00,21.00,1,1,1.0000
4,10,47.00,75.00,13.00,14.00,1,1,0.0000
5,1,24.00,85.00,18.00,26.00,1,1,0.7811
5,2,103.00,64.00,14.00,14.00,1,1,1.0000
5,3,31.00,38.00,19.00,21.00,1,1,0.8045
5,4,69.00,3.00,10.00,14.00,1,1,0.0000
5,5,21.00,44.00,22.00,17.00,1,1,0.5113
5,6,31.00,70.00,18.00,26.00,1,1,0.8234
5,7,68.00,56.00,24.00,17.00,1,1,0.3278
5,8,32.00,77.00,11.00,24.00,1,1,0.0160
5,9,8.00,23.00,21.00,20.00,1,1,1.0000
5,10,46.00,74.00,14.00,14.00,1,1,0.0000
6,1,26.00,85.00,18.00,26.00,1,1,0.6919
6,2,101.00,63.00,14.00,14.00,1,1,1.0000
6,3,31.00,35.00,19.00,22.00,1,1,0.8019
6,4,69.00,6.00,10.00,14.00,1,1,0.0000
6,5,22.00,44.00,22.00,18.00,1,1,0.5301
6,6,31.00,72.00,18.00,26.00,1,1,0.8142
6,7,68.00,55.00,24.00,16.00,1,1,0.3600
6,8,34.00,79.00,11.00,24.00,1,1,0.0158
6,9,6.00,22.00,22.00,21.00,1,1,1.0000
6,10,46.00,73.00,14.00,14.00,1,1,0.0000
7,1,28.00,85.00,18.00,26.00,1,1,0.5892
7,2,99.00,62.00,14.00,14.00,1,1,1.0000
7,3,31.00,33.00,19.00,21.00,1,1,0.8039
7,4,69.00,8.00,10.00,14.00,1,1,0.0000
7,5,23.00,45.00,22.00,17.00,1,1,0.6053
7,6,32.00,73.00,18.00,26.00,1,1,0.7880
7,7,69.00,54.00,24.00,16.00,1,1,0.3907
7,8,36.00,82.00,10.00,23.00,1,1,0.0000
7,9,5.00,22.00,21.00,21.00,1,1,1.0000
7,10,45.00,72.00,14.00,14.00,1,1,0.0000
8,1,30.00,85.00,18.00,26.00,1,1,0.4595
8,2,97.00,61.00,14.00,14.00,1,1,1.0000
8,3,31.00,31.00,19.00,21.00,1,1,0.8057
8,4,68.00,11.00,11.00,14.00,1,1,0.0000
8,5,24.00,45.00,22.00,17.00,1,1,0.7034
8,6,32.00,74.00,18.00,26.00,1,1,0.7736
8,7,70.00,53.00,24.00,16.00,1,1,0.4228
8,8,37.00,84.00,11.00,23.00,1,1,0.0000
8,9,4.00,22.00,21.00,21.00,1,1,1.0000
8,10,45.00,71.00,14.00,14.00,1,1,0.0000
9,1,32.00,85.00,18.00,26.00,1,1,0.3324
9,2,95.00,61.00,14.00,14.00,1,1,1.0000
9,3,31.00,28.00,19.00,22.00,1,1,0.8065
9,4,68.00,13.00,10.00,14.00,1,1,0.0000
9,5,25.00,45.00,22.00,17.00,1,1,0.7887
9,6,32.00,75.00,18.00,26.00,1,1,0.7615
9,7,70.00,52.00,24.00,16.00,1,1,0.4518
9,8,39.00,86.00,11.00,23.00,1,1,0.0000
9,9,3.00,22.00,21.00,20.00,1,1,1.0000
9,10,44.00,70.00,14.00,14.00,1,1,0.0000
10,1,34.00,85.00,18.00,26.00,1,1,0.2216
10,2,94.00,60.00,14.00,14.00,1,1,1.0000
10,3,31.00,26.00,19.00,22.00,1,1,0.8039
10,4,68.00,16.00,10.00,13.00,1,1,0.0000
10,5,26.00,45.00,22.00,17.00,1,1,0.8598
10,6,32.00,76.00,19.00,26.00,1,1,0.7418
10,7,71.00,51.00,24.00,16.00,1,1,0.4917
10,8,40.00,88.00,11.00,23.00,1,1,0.0000
10,9,1.00,21.00,22.00,21.00,1,1,1.0000
10,10,44.00,69.00,14.00,14.00,1,1,0.0260
11,1,36.00,85.00,18.00,26.00,1,1,0.1324
11,2,92.00,59.00,14.00,14.00,1,1,0.9675
11,3,31.00,24.00,19.00,21.00,1,1,0.8077
11,4,68.00,18.00,10.00,14.00,1,1,0.0000
11,5,27.00,45.00,22.00,17.00,1,1,0.8717
11,6,33.00,78.00,18.00,25.00,1,1,0.7170
11,7,72.00,50.00,23.00,16.00,1,1,0.5270
11,8,42.00,90.00,11.00,24.00,1,1,0.0000
11,9,0.00,21.00,21.00,21.00,1,1,1.0000
11,10,44.00,68.00,14.00,14.00,1,1,0.0455
12,1,38.00,85.00,18.00,26.00,1,1,0.0595
12,2,90.00,58.00,14.00,14.00,1,1,0.8831
12,3,31.00,22.00,19.00,21.00,1,1,0.8057
12,4,67.00,21.00,11.00,13.00,1,1,0.0000
12,5,28.00,45.00,22.00,18.00,1,1,0.8271
12,6,33.00,79.00,18.00,26.00,1,1,0.7092
12,7,72.00,49.00,24.00,16.00,1,1,0.5526
12,8,43.00,92.00,11.00,24.00,1,1,0.0000
12,9,1.00,21.00,21.00,21.00,1,1,1.0000
12,10,43.00,67.00,14.00,14.00,1,1,0.0779
13,1,40.00,85.00,18.00,26.00,1,1,0.0189
13,2,88.00,57.00,14.00,14.00,1,1,0.7857
13,3,31.00,19.00,19.00,22.00,1,1,0.8039
13,4,67.00,23.00,10.00,14.00,1,1,0.0000
13,5,29.00,46.00,22.00,17.00,1,1,0.7765
13,6,33.00,80.00,18.00,26.00,1,1,0.6875
13,7,73.00,48.00,24.00,16.00,1,1,0.5927
13,8,45.00,94.00,11.00,24.00,1,1,0.0000
13,9,2.00,21.00,21.00,20.00,1,1,1.0000
13,10,43.00,66.00,14.00,14.00,1,1,0.0974
14,1,42.00,85.00,18.00,26.00,1,1,0.0027
14,2,86.00,57.00,14.00,14.00,1,1,0.7059
14,3,31.00,17.00,19.00,22.00,1,1,0.8077
14,4,67.00,26.00,10.00,13.00,1,1,0.0000
14,5,30.00,46.00,22.00,17.00,1,1,0.7214
14,6,34.00,81.00,18.00,26.00,1,1,0.6685
14,7,73.00,47.00,24.00,16.00,1,1,0.6267
14,8,46.00,96.00,11.00,24.00,1,1,0.0000
14,9,3.00,20.00,21.00,21.00,1,1,1.0000
14,10,42.00,65.00,14.00,14.00,1,1,0.1316
15,1,44.00,85.00,18.00,26.00,1,1,0.0000
15,2,84.00,56.00,14.00,14.00,1,1,0.6474
15,3,31.00,15.00,19.00,21.00,1,1,0.8103
15,4,66.00,28.00,11.00,14.00,1,1,0.0000
15,5,31.00,46.00,22.00,17.00,1,1,0.6604
15,6,34.00,82.00,18.00,26.00,1,1,0.6495
15,7,74.00,46.00,24.00,16.00,1,1,0.6568
15,8,48.00,98.00,11.00,24.00,1,1,0.0000
15,9,4.00,20.00,22.00,21.00,1,1,1.0000
15,10,42.00,64.00,14.00,14.00,1,1,0.1613
16,1,46.00,85.00,18.00,26.00,1,1,0.0000
16,2,82.00,55.00,14.00,14.00,1,1,0.5921
16,3,31.00,13.00,19.00,21.00,1,1,0.8083
16,4,66.00,30.00,11.00,14.00,1,1,0.0000
16,5,32.00,46.00,22.00,17.00,1,1,0.5977
16,6,34.00,83.00,18.00,26.00,1,1,0.6359
16,7,75.00,45.00,24.00,16.00,1,1,0.6987
16,8,49.00,101.00,11.00,23.00,1,1,0.0000
16,9,6.00,20.00,21.00,21.00,1,1,1.0000
16,10,41.00,62.00,14.00,14.00,1,1,0.1905
17,1,48.00,85.00,18.00,26.00,1,1,0.0000
17,2,80.00,54.00,14.00,14.00,1,1,0.5098
17,3,31.00,10.00,19.00,22.00,1,1,0.8051
17,4,66.00,33.00,10.00,14.00,1,1,0.0000
17,5,33.00,46.00,22.00,17.00,1,1,0.5417
17,6,34.00,85.00,18.00,26.00,1,1,0.6185
17,7,75.00,44.00,24.00,16.00,1,1,0.7252
17,8,51.00,103.00,11.00,23.00,1,1,0.0000
17,9,7.00,20.00,21.00,21.00,1,1,1.0000
17,10,41.00,61.00,14.00,14.00,1,1,0.2387
18,1,50.00,85.00,18.00,26.00,1,1,0.0000
18,2,78.00,53.00,14.00,14.00,1,1,0.4221
18,3,31.00,8.00,19.00,21.00,1,1,0.8071
18,4,66.00,35.00,10.00,14.00,1,1,0.0000
18,5,34.00,46.00,22.00,18.00,1,1,0.4774
18,6,35.00,86.00,18.00,26.00,1,1,0.5940
18,7,76.00,43.00,24.00,16.00,1,1,0.7525
18,8,52.00,103.00,11.00,23.00,1,1,0.0000
18,9,8.00,20.00,21.00,20.00,1,1,1.0000
18,10,41.00,60.00,14.00,14.00,1,1,0.2632
19,1,52.00,85.00,18.00,26.00,1,1,0.0000
19,2,76.00,52.00,14.00,14.00,1,1,0.3247
19,3,31.00,6.00,19.00,21.00,1,1,0.8135
19,4,65.00,38.00,11.00,14.00,1,1,0.0000
19,5,35.00,47.00,22.00,17.00,1,1,0.3893
19,6,35.00,87.00,18.00,26.00,1,1,0.5784
19,7,77.00,42.00,24.00,16.00,1,1,0.7928
19,8,54.00,100.00,11.00,24.00,1,1,0.0000
19,9,9.00,19.00,22.00,21.00,1,1,1.0000
19,10,40.00,59.00,14.00,14.00,1,1,0.3052
20,1,54.00,85.00,18.00,26.00,1,1,0.0000
20,2,74.00,52.00,14.00,14.00,1,1,0.2353
20,3,31.00,4.00,19.00,21.00,1,1,0.8083
20,4,65.00,40.00,10.00,14.00,1,1,0.0000
20,5,36.00,47.00,22.00,17.00,1,1,0.2943
20,6,35.00,88.00,18.00,26.00,1,1,0.5595
20,7,77.00,41.00,24.00,16.00,1,1,0.8185
20,8,55.00,98.00,11.00,24.00,1,1,0.0000
20,9,11.00,19.00,21.00,21.00,1,1,1.0000
20,10,40.00,58.00,14.00,14.00,1,1,0.3312
21,1,56.00,85.00,18.00,26.00,1,1,0.0000
21,2,72.00,51.00,14.00,14.00,1,1,0.1410
21,3,31.00,1.00,19.00,22.00,1,1,0.8071
21,4,65.00,43.00,10.00,13.00,1,1,0.0000
21,5,37.00,47.00,22.00,17.00,1,1,0.2008
21,6,35.00,89.00,18.00,26.00,1,1,0.5464
21,7,78.00,40.00,24.00,16.00,1,1,0.8454
21,8,57.00,96.00,11.00,24.00,1,1,0.0000
21,9,12.00,19.00,21.00,21.00,1,1,1.0000
21,10,39.00,57.00,14.00,14.00,1,1,0.3831
22,1,58.00,85.00,18.00,26.00,1,1,0.0000
22,2,70.00,50.00,14.00,14.00,1,1,0.0452
22,3,31.00,3.00,19.00,21.00,1,1,0.8083
22,4,65.00,45.00,10.00,14.00,1,1,0.0000
22,5,38.00,47.00,22.00,17.00,1,1,0.1250
22,6,36.00,91.00,18.00,25.00,1,1,0.5137
22,7,79.00,39.00,24.00,16.00,1,1,0.8775
22,8,58.00,94.00,11.00,24.00,1,1,0.0000
22,9,13.00,19.00,21.00,20.00,1,1,1.0000
22,10,39.00,56.00,14.00,14.00,1,1,0.4091
23,1,60.00,85.00,18.00,26.00,1,1,0.0000
23,2,69.00,49.00,14.00,14.00,1,1,0.0000
23,3,31.00,5.00,19.00,21.00,1,1,0.8161
23,4,64.00,48.00,11.00,13.00,1,1,0.0000
23,5,39.00,47.00,22.00,17.00,1,1,0.0492
23,6,36.00,92.00,18.00,26.00,1,1,0.5041
23,7,79.00,38.00,24.00,16.00,1,1,0.9003
23,8,60.00,92.00,11.00,23.00,1,1,0.0000
23,9,14.00,18.00,22.00,21.00,1,1,0.9798
23,10,39.00,55.00,14.00,14.00,1,1,0.4452
24,1,62.00,85.00,18.00,26.00,1,1,0.0000
24,2,67.00,48.00,14.00,14.00,1,1,0.0000
24,3,31.00,7.00,19.00,22.00,1,1,0.8077
24,4,64.00,50.00,10.00,14.00,1,1,0.0000
24,5,40.00,47.00,22.00,18.00,1,1,0.0115
24,6,36.00,93.00,18.00,26.00,1,1,0.4865
24,7,80.00,37.00,24.00,16.00,1,1,0.9241
24,8,61.00,90.00,11.00,23.00,1,1,0.0000
24,9,16.00,18.00,21.00,21.00,1,1,0.9164
24,10,38.00,54.00,14.00,14.00,1,1,0.4774
25,1,64.00,85.00,18.00,26.00,1,1,0.0000
25,2,65.00,47.00,14.00,14.00,1,1,0.0000
25,3,31.00,9.00,19.00,22.00,1,1,0.8077
25,4,64.00,53.00,10.00,13.00,1,1,0.0000
25,5,42.00,48.00,21.00,17.00,1,1,0.0000
25,6,36.00,94.00,19.00,26.00,1,1,0.4670
25,7,81.00,36.00,23.00,16.00,1,1,0.9468
25,8,63.00,88.00,11.00,23.00,1,1,0.0000
25,9,17.00,18.00,21.00,21.00,1,1,0.8353
25,10,38.00,53.00,14.00,14.00,1,1,0.5256
26,1,66.00,85.00,18.00,26.00,1,1,0.0243
26,2,63.00,47.00,14.00,14.00,1,1,0.0000
26,3,31.00,12.00,19.00,21.00,1,1,0.8109
26,4,64.00,55.00,10.00,14.00,1,1,0.0000
26,5,43.00,48.00,21.00,17.00,1,1,0.0000
26,6,37.00,95.00,18.00,26.00,1,1,0.4429
26,7,81.00,35.00,24.00,16.00,1,1,0.9668
26,8,65.00,86.00,10.00,23.00,1,1,0.0000
26,9,18.00,18.00,21.00,20.00,1,1,0.7376
26,10,37.00,52.00,14.00,14.00,1,1,0.5613
27,1,68.00,85.00,18.00,26.00,1,1,0.1135
27,2,61.00,46.00,14.00,14.00,1,1,0.0000
27,3,31.00,14.00,19.00,21.00,1,1,0.8155
27,4,63.00,57.00,11.00,14.00,1,1,0.0000
27,5,44.00,48.00,21.00,17.00,1,1,0.0000
27,6,37.00,97.00,18.00,25.00,1,1,0.4317
27,7,82.00,34.00,24.00,16.00,1,1,0.9835
27,8,66.00,83.00,11.00,24.00,1,1,0.0000
27,9,19.00,17.00,21.00,21.00,1,1,0.6609
27,10,37.00,51.00,14.00,14.00,1,1,0.6000
28,1,70.00,85.00,18.00,26.00,1,1,0.2324
28,2,59.00,45.00,14.00,14.00,1,1,0.0000
28,3,31.00,16.00,19.00,22.00,1,1,0.8135
28,4,63.00,60.00,10.00,14.00,1,1,0.0000
28,5,45.00,48.00,21.00,17.00,1,1,0.0000
28,6,37.00,98.00,18.00,26.00,1,1,0.4119
28,7,82.00,33.00,24.00,16.00,1,1,0.9967
28,8,68.00,81.00,11.00,24.00,1,1,0.0000
28,9,20.00,17.00,22.00,21.00,1,1,0.5925
28,10,37.00,50.00,13.00,14.00,1,1,0.6340
29,1,72.00,85.00,18.00,26.00,1,1,0.3649
29,2,57.00,44.00,14.00,14.00,1,1,0.0000
29,3,31.00,18.00,19.00,22.00,1,1,0.8083
29,4,63.00,62.00,10.00,14.00,1,1,0.0000
29,5,46.00,48.00,21.00,17.00,1,1,0.0000
29,6,38.00,99.00,18.00,26.00,1,1,0.3852
29,7,83.00,32.00,24.00,16.00,1,1,1.0000
29,8,69.00,79.00,11.00,24.00,1,1,0.0000
29,9,22.00,17.00,21.00,21.00,1,1,0.5418
29,10,36.00,49.00,14.00,14.00,1,1,0.6731
30,1,74.00,85.00,18.00,26.00,1,1,0.5054
30,2,55.00,43.00,14.00,14.00,1,1,0.0000
30,3,31.00,21.00,19.00,21.00,1,1,0.8161
30,4,62.00,65.00,11.00,14.00,1,1,0.0000
30,5,47.00,48.00,21.00,18.00,1,1,0.0000
30,6,38.00,100.00,18.00,26.00,1,1,0.3666
30,7,84.00,31.00,24.00,16.00,1,1,1.0000
30,8,71.00,77.00,11.00,24.00,1,1,0.0000
30,9,23.00,17.00,21.00,20.00,1,1,0.5380
30,10,36.00,48.00,14.00,14.00,1,1,0.7013
31,1,76.00,85.00,18.00,26.00,1,1,0.6459
31,2,53.00,43.00,14.00,14.00,1,1,0.0000
31,3,31.00,23.00,19.00,21.00,1,1,0.8155
31,4,62.00,67.00,11.00,14.00,1,1,0.0000
31,5,48.00,49.00,21.00,17.00,1,1,0.0000
31,6,38.00,101.00,18.00,26.00,1,1,0.3514
31,7,84.00,30.00,24.00,16.00,1,1,1.0000
31,8,72.00,75.00,11.00,23.00,1,1,0.0000
31,9,24.00,16.00,21.00,21.00,1,1,0.5797
31,10,35.00,47.00,14.00,14.00,1,1,0.7419
32,1,78.00,85.00,18.00,26.00,1,1,0.7784
32,2,51.00,42.00,14.00,14.00,1,1,0.0000
32,3,31.00,25.00,19.00,22.00,1,1,0.8058
32,4,62.00,70.00,10.00,13.00,1,1,0.0000
32,5,49.00,49.00,22.00,17.00,1,1,0.0000
32,6,38.00,102.00,18.00,26.00,1,1,0.3443
32,7,85.00,29.00,24.00,16.00,1,1,1.0000
32,8,74.00,73.00,11.00,23.00,1,1,0.0265
32,9,25.00,16.00,22.00,21.00,1,1,0.6261
32,10,35.00,46.00,14.00,14.00,1,1,0.7628
33,1,80.00,85.00,18.00,26.00,1,1,0.8919
33,2,49.00,41.00,14.00,14.00,1,1,0.0000
33,3,31.00,28.00,19.00,21.00,1,1,0.7179
33,4,62.00,72.00,10.00,14.00,1,1,0.0000
33,5,50.00,49.00,22.00,17.00,1,1,0.0000
33,6,39.00,104.00,18.00,24.00,1,1,0.3137
33,7,86.00,28.00,24.00,16.00,1,1,1.0000
33,8,75.00,71.00,11.00,23.00,1,1,0.1436
33,9,27.00,16.00,21.00,21.00,1,1,0.6705
33,10,34.00,44.00,14.00,14.00,1,1,0.8188
34,1,82.00,85.00,18.00,26.00,1,1,0.9784
34,2,47.00,40.00,14.00,14.00,1,1,0.0000
34,3,31.00,30.00,19.00,21.00,1,1,0.6032
34,4,61.00,75.00,11.00,13.00,1,1,0.0000
34,5,51.00,49.00,22.00,17.00,1,1,0.0000
34,6,39.00,105.00,18.00,23.00,1,1,0.3066
34,7,86.00,27.00,24.00,16.00,1,1,1.0000
34,8,77.00,69.00,11.00,23.00,1,1,0.3495
34,9,28.00,16.00,21.00,21.00,1,1,0.6954
34,10,34.00,43.00,14.00,14.00,1,1,0.8387
35,1,84.00,85.00,18.00,26.00,1,1,1.0000
35,2,45.00,39.00,14.00,14.00,1,1,0.0000
35,3,31.00,32.00,19.00,21.00,1,1,0.4854
35,4,61.00,77.00,10.00,14.00,1,1,0.0000
35,5,52.00,49.00,22.00,17.00,1,1,0.0000
35,6,39.00,105.00,18.00,23.00,1,1,0.2899
35,7,87.00,26.00,24.00,16.00,1,1,1.0000
35,8,78.00,66.00,11.00,24.00,1,1,0.5714
35,9,29.00,16.00,21.00,20.00,1,1,0.7151
35,10,34.00,42.00,14.00,14.00,1,1,0.8684
36,1,86.00,85.00,18.00,26.00,1,1,1.0000
36,2,44.00,38.00,14.00,14.00,1,1,0.0000
36,3,31.00,34.00,19.00,22.00,1,1,0.3698
36,4,61.00,80.00,10.00,13.00,1,1,0.0000
36,5,53.00,49.00,22.00,17.00,1,1,0.0000
36,6,39.00,104.00,18.00,24.00,1,1,0.2691
36,7,88.00,25.00,24.00,16.00,1,1,1.0000
36,8,80.00,64.00,11.00,24.00,1,1,0.7566
36,9,30.00,15.00,22.00,21.00,1,1,0.7176
36,10,33.00,41.00,14.00,14.00,1,1,0.9026
37,1,88.00,85.00,18.00,26.00,1,1,1.0000
37,2,42.00,38.00,14.00,14.00,1,1,0.0000
37,3,31.00,37.00,19.00,21.00,1,1,0.3569
37,4,61.00,82.00,10.00,14.00,1,1,0.0000
37,5,54.00,49.00,22.00,18.00,1,1,0.0000
37,6,40.00,103.00,18.00,25.00,1,1,0.2445
37,7,88.00,24.00,24.00,16.00,1,1,1.0000
37,8,81.00,62.00,11.00,24.00,1,1,0.8989
37,9,31.00,15.00,22.00,21.00,1,1,0.6705
37,10,33.00,40.00,14.00,14.00,1,1,0.9221
38,1,90.00,85.00,18.00,26.00,1,1,1.0000
38,2,40.00,37.00,14.00,14.00,1,1,0.0260
38,3,31.00,39.00,19.00,21.00,1,1,0.3548
38,4,60.00,84.00,11.00,14.00,1,1,0.0000
38,5,55.00,50.00,22.00,17.00,1,1,0.0000
38,6,40.00,102.00,18.00,25.00,1,1,0.2295
38,7,89.00,23.00,24.00,16.00,1,1,1.0000
38,8,83.00,60.00,11.00,24.00,1,1,1.0000
38,9,33.00,15.00,21.00,21.00,1,1,0.5983
38,10,32.00,39.00,14.00,14.00,1,1,0.9548
39,1,92.00,85.00,18.00,26.00,1,1,1.0000
39,2,38.00,36.00,14.00,14.00,1,1,0.0962
39,3,31.00,41.00,19.00,22.00,1,1,0.4660
39,4,60.00,87.00,10.00,14.00,1,1,0.0000
39,5,56.00,50.00,22.00,17.00,1,1,0.0000
39,6,40.00,100.00,18.00,26.00,1,1,0.2168
39,7,90.00,22.00,23.00,16.00,1,1,1.0000
39,8,84.00,58.00,11.00,23.00,1,1,1.0000
39,9,34.00,15.00,21.00,20.00,1,1,0.5248
39,10,32.00,38.00,14.00,14.00,1,1,0.9677
40,1,94.00,85.00,18.00,26.00,1,1,1.0000
40,2,36.00,35.00,14.00,14.00,1,1,0.1104
40,3,31.00,43.00,19.00,22.00,1,1,0.6065
40,4,60.00,89.00,10.00,14.00,1,1,0.0000
40,5,57.00,50.00,22.00,17.00,1,1,0.0000
40,6,40.00,99.00,19.00,26.00,1,1,0.1978
40,7,90.00,21.00,24.00,16.00,1,1,1.0000
40,8,86.00,56.00,11.00,23.00,1,1,1.0000
40,9,35.00,14.00,21.00,21.00,1,1,0.4551
40,10,32.00,37.00,13.00,14.00,1,1,1.0000
41,1,96.00,85.00,18.00,26.00,1,1,1.0000
41,2,34.00,34.00,14.00,14.00,1,1,0.1410
41,3,31.00,46.00,18.00,21.00,1,1,0.7370
41,4,60.00,92.00,10.00,14.00,1,1,0.0000
41,5,58.00,50.00,22.00,17.00,1,1,0.0000
41,6,41.00,98.00,18.00,26.00,1,1,0.1789
41,7,91.00,20.00,24.00,16.00,1,1,1.0000
41,8,87.00,54.00,11.00,23.00,1,1,1.0000
41,9,36.00,14.00,22.00,21.00,1,1,0.3775
41,10,31.00,36.00,14.00,14.00,1,1,1.0000
42,1,98.00,85.00,18.00,26.00,1,1,1.0000
42,2,32.00,34.00,14.00,13.00,1,1,0.1364
42,3,31.00,48.00,18.00,21.00,1,1,0.8149
42,4,59.00,94.00,11.00,14.00,1,1,0.0000
42,5,59.00,50.00,22.00,17.00,1,1,0.0000
42,6,41.00,97.00,18.00,26.00,1,1,0.1667
42,7,91.00,19.00,24.00,16.00,1,1,1.0000
42,8,89.00,51.00,11.00,24.00,1,1,1.0000
42,9,38.00,14.00,21.00,21.00,1,1,0.3055
42,10,31.00,35.00,14.00,14.00,1,1,1.0000
43,1,100.00,85.00,18.00,26.00,1,1,1.0000
43,2,30.00,33.00,14.00,14.00,1,1,0.1097
43,3,31.00,50.00,18.00,22.00,1,1,0.8194
43,4,59.00,97.00,10.00,13.00,1,1,0.0000
43,5,60.00,50.00,22.00,18.00,1,1,0.0000
43,6,41.00,96.00,18.00,26.00,1,1,0.1526
43,7,92.00,17.00,24.00,17.00,1,1,1.0000
43,8,90.00,49.00,11.00,24.00,1,1,1.0000
43,9,39.00,14.00,21.00,20.00,1,1,0.2442
43,10,30.00,34.00,14.00,14.00,1,1,1.0000
44,1,102.00,85.00,18.00,26.00,1,1,1.0000
44,2,28.00,32.00,14.00,14.00,1,1,0.1753
44,3,31.00,52.00,18.00,22.00,1,1,0.8220
44,4,59.00,99.00,10.00,14.00,1,1,0.0000
44,5,61.00,51.00,22.00,17.00,1,1,0.0000
44,6,42.00,94.00,18.00,26.00,1,1,0.1260
44,7,93.00,16.00,24.00,16.00,1,1,1.0000
44,8,92.00,47.00,11.00,24.00,1,1,1.0000
44,9,40.00,13.00,21.00,21.00,1,1,0.1763
44,10,30.00,33.00,14.00,14.00,1,1,1.0000
45,1,104.00,85.00,18.00,26.00,1,1,1.0000
45,2,26.00,31.00,14.00,14.00,1,1,0.2885
45,3,31.00,55.00,18.00,21.00,1,1,0.8214
45,4,58.00,102.00,11.00,13.00,1,1,0.0000
45,5,62.00,51.00,22.00,17.00,1,1,0.0114
45,6,42.00,93.00,18.00,26.00,1,1,0.1165
45,7,93.00,15.00,24.00,16.00,1,1,1.0000
45,8,94.00,45.00,10.00,24.00,1,1,1.0000
45,9,41.00,13.00,22.00,21.00,1,1,0.1156
45,10,29.00,32.00,14.00,14.00,1,1,1.0000
46,1,105.00,85.00,18.00,26.00,1,1,1.0000
46,2,24.00,30.00,14.00,14.00,1,1,0.4248
46,3,31.00,57.00,18.00,21.00,1,1,0.8235
46,4,58.00,104.00,11.00,14.00,1,1,0.0000
46,5,63.00,51.00,22.00,17.00,1,1,0.0415
46,6,42.00,92.00,18.00,26.00,1,1,0.1081
46,7,94.00,14.00,24.00,16.00,1,1,1.0000
46,8,95.00,43.00,11.00,24.00,1,1,1.0000
46,9,43.00,13.00,21.00,21.00,1,1,0.0607
46,10,29.00,31.00,14.00,14.00,1,1,1.0000
47,1,103.00,85.00,18.00,26.00,1,1,1.0000
47,2,22.00,29.00,14.00,14.00,1,1,0.5592
47,3,31.00,59.00,18.00,22.00,1,1,0.8194
47,4,58.00,107.00,10.00,13.00,1,1,0.0000
47,5,64.00,51.00,22.00,17.00,1,1,0.0758
47,6,42.00,91.00,18.00,26.00,1,1,0.0954
47,7,95.00,13.00,24.00,16.00,1,1,1.0000
47,8,97.00,41.00,10.00,23.00,1,1,1.0000
47,9,44.00,13.00,21.00,21.00,1,1,0.0232
47,10,29.00,30.00,14.00,14.00,1,1,1.0000
48,1,101.00,85.00,18.00,26.00,1,1,1.0000
48,2,20.00,29.00,14.00,14.00,1,1,0.6622
48,3,31.00,62.00,18.00,21.00,1,1,0.8214
48,4,58.00,109.00,10.00,14.00,1,1,0.0000
48,5,65.00,51.00,22.00,17.00,1,1,0.1203
48,6,43.00,90.00,18.00,26.00,1,1,0.0712
48,7,95.00,12.00,24.00,16.00,1,1,1.0000
48,8,98.00,39.00,11.00,23.00,1,1,1.0000
48,9,45.00,12.00,21.00,21.00,1,1,0.0000
48,10,28.00,29.00,14.00,14.00,1,1,1.0000
49,1,99.00,85.00,18.00,26.00,1,1,1.0000
49,2,19.00,28.00,14.00,14.00,1,1,0.7748
49,3,31.00,64.00,18.00,21.00,1,1,0.8214
49,4,57.00,111.00,11.00,14.00,1,1,0.0000
49,5,66.00,51.00,22.00,18.00,1,1,0.1648
49,6,43.00,89.00,18.00,25.00,1,1,0.0658
49,7,96.00,11.00,24.00,16.00,1,1,1.0000
49,8,100.00,37.00,11.00,23.00,1,1,1.0000
49,9,46.00,12.00,21.00,21.00,1,1,0.0000
49,10,28.00,28.00,14.00,14.00,1,1,1.0000
50,1,97.00,85.00,18.00,26.00,1,1,1.0000
50,2,17.00,27.00,14.00,14.00,1,1,0.8710
50,3,31.00,66.00,18.00,21.00,1,1,0.8235
50,4,57.00,113.00,10.00,14.00,1,1,0.0000
50,5,67.00,52.00,22.00,17.00,1,1,0.2218
50,6,43.00,87.00,18.00,26.00,1,1,0.0569
50,7,97.00,10.00,24.00,16.00,1,1,1.0000
50,8,101.00,34.00,11.00,24.00,1,1,1.0000
50,9,47.00,12.00,22.00,21.00,1,1,0.0000
50,10,27.00,27.00,14.00,13.00,1,1,1.0000
51,1,95.00,85.00,18.00,26.00,1,1,1.0000
51,2,15.00,26.00,14.00,14.00,1,1,0.9484
51,3,31.00,68.00,18.00,22.00,1,1,0.8205
51,4,57.00,111.00,10.00,14.00,1,1,0.0000
51,5,68.00,52.00,22.00,17.00,1,1,0.2689
51,6,43.00,86.00,19.00,26.00,1,1,0.0437
51,7,97.00,9.00,24.00,16.00,1,1,1.0000
51,8,103.00,32.00,11.00,24.00,1,1,1.0000
51,9,49.00,12.00,21.00,21.00,1,1,0.0000
51,10,27.00,25.00,14.00,14.00,1,1,1.0000
52,1,93.00,85.00,18.00,26.00,1,1,1.0000
52,2,13.00,25.00,14.00,14.00,1,1,1.0000
52,3,31.00,71.00,18.00,21.00,1,1,0.8247
52,4,57.00,108.00,10.00,14.00,1,1,0.0000
52,5,69.00,52.00,22.00,17.00,1,1,0.3258
52,6,44.00,85.00,18.00,26.00,1,1,0.0298
52,7,98.00,8.00,24.00,16.00,1,1,1.0000
52,8,104.00,30.00,11.00,24.00,1,1,1.0000
52,9,50.00,12.00,21.00,20.00,1,1,0.0000
52,10,27.00,24.00,14.00,14.00,1,1,1.0000
53,1,91.00,85.00,18.00,26.00,1,1,1.0000
53,2,11.00,24.00,14.00,14.00,1,1,1.0000
53,3,31.00,73.00,18.00,21.00,1,1,0.8247
53,4,56.00,106.00,11.00,14.00,1,1,0.0000
53,5,70.00,52.00,22.00,17.00,1,1,0.3902
53,6,44.00,84.00,18.00,26.00,1,1,0.0243
53,7,99.00,7.00,24.00,16.00,1,1,1.0000
53,8,106.00,28.00,11.00,24.00,1,1,1.0000
53,9,51.00,11.00,21.00,21.00,1,1,0.0000
53,10,26.00,23.00,14.00,14.00,1,1,1.0000
54,1,89.00,85.00,18.00,26.00,1,1,1.0000
54,2,9.00,24.00,14.00,14.00,1,1,1.0000
54,3,31.00,75.00,18.00,22.00,1,1,0.8188
54,4,56.00,104.00,10.00,13.00,1,1,0.0000
54,5,71.00,52.00,22.00,17.00,1,1,0.4453
54,6,44.00,83.00,18.00,26.00,1,1,0.0192
54,7,99.00,6.00,24.00,16.00,1,1,1.0000
54,8,107.00,26.00,11.00,24.00,1,1,1.0000
54,9,52.00,11.00,22.00,21.00,1,1,0.0000
54,10,26.00,22.00,14.00,14.00,1,1,1.0000
55,1,87.00,85.00,18.00,26.00,1,1,1.0000
55,2,7.00,23.00,14.00,14.00,1,1,1.0000
55,3,31.00,77.00,18.00,22.00,1,1,0.8135
55,4,56.00,101.00,10.00,14.00,1,1,0.0000
55,5,72.00,52.00,22.00,18.00,1,1,0.5038
55,6,44.00,81.00,19.00,26.00,1,1,0.0081
55,7,100.00,5.00,24.00,16.00,1,1,1.0000
55,8,109.00,24.00,11.00,23.00,1,1,1.0000
55,9,54.00,11.00,21.00,21.00,1,1,0.0000
55,10,25.00,21.00,14.00,14.00,1,1,1.0000
56,1,85.00,85.00,18.00,26.00,1,1,1.0000
56,2,5.00,22.00,14.00,14.00,1,1,1.0000
56,3,31.00,80.00,18.00,21.00,1,1,0.8220
56,4,56.00,99.00,10.00,13.00,1,1,0.0000
56,5,73.00,53.00,22.00,17.00,1,1,0.5585
56,6,45.00,80.00,18.00,26.00,1,1,0.0000
56,7,100.00,5.00,24.00,16.00,1,1,1.0000
56,8,110.00,22.00,11.00,23.00,1,1,1.0000
56,9,55.00,11.00,21.00,20.00,1,1,0.0000
56,10,25.00,20.00,14.00,14.00,1,1,1.0000
57,1,83.00,85.00,18.00,26.00,1,1,1.0000
57,2,3.00,21.00,14.00,14.00,1,1,1.0000
57,3,31.00,82.00,18.00,21.00,1,1,0.8241
57,4,55.00,96.00,11.00,14.00,1,1,0.0000
57,5,74.00,53.00,22.00,17.00,1,1,0.6183
57,6,45.00,79.00,18.00,26.00,1,1,0.0000
57,7,101.00,6.00,24.00,16.00,1,1,1.0000
57,8,112.00,20.00,11.00,23.00,1,1,0.9577
57,9,56.00,10.00,21.00,21.00,1,1,0.0000
57,10,24.00,19.00,14.00,14.00,1,1,1.0000
58,1,81.00,85.00,18.00,26.00,1,1,0.9405
58,2,1.00,20.00,14.00,14.00,1,1,1.0000
58,3,31.00,84.00,18.00,22.00,1,1,0.8237
58,4,55.00,94.00,10.00,14.00,1,1,0.0000
58,5,75.00,53.00,22.00,17.00,1,1,0.6842
58,6,45.00,78.00,18.00,26.00,1,1,0.0000
58,7,102.00,7.00,24.00,16.00,1,1,1.0000
58,8,113.00,17.00,11.00,24.00,1,1,0.8421
58,9,57.00,10.00,22.00,21.00,1,1,0.0000
58,10,24.00,18.00,14.00,14.00,1,1,1.0000
59,1,79.00,85.00,18.00,26.00,1,1,0.8378
59,2,2.00,20.00,14.00,14.00,1,1,1.0000
59,3,31.00,86.00,18.00,22.00,1,1,0.8226
59,4,55.00,91.00,10.00,14.00,1,1,0.0000
59,5,76.00,53.00,22.00,17.00,1,1,0.7358
59,6,46.00,77.00,18.00,26.00,1,1,0.0000
59,7,102.00,8.00,24.00,16.00,1,1,1.0000
59,8,115.00,15.00,11.00,24.00,1,1,0.7105
59,9,59.00,10.00,21.00,21.00,1,1,0.0000
59,10,24.00,17.00,14.00,14.00,1,1,1.0000
