1,1,20.00,104.00,12.00,15.00,1,1,0.6378
1,2,59.00,46.00,18.00,24.00,1,1,0.0000
1,3,32.00,35.00,22.00,18.00,1,1,0.7611
1,4,40.00,18.00,25.00,13.00,1,1,0.2840
1,5,67.00,92.00,20.00,18.00,1,1,0.3118
1,6,4.00,99.00,22.00,18.00,1,1,1.0000
1,7,74.00,47.00,22.00,15.00,1,1,0.8000
2,1,22.00,104.00,12.00,15.00,1,1,0.9291
2,2,57.00,45.00,18.00,24.00,1,1,0.0000
2,3,31.00,33.00,23.00,17.00,1,1,0.8115
2,4,38.00,20.00,26.00,13.00,1,1,0.3539
2,5,66.00,94.00,21.00,18.00,1,1,0.2893
2,6,2.00,99.00,22.00,18.00,1,1,1.0000
2,7,74.00,44.00,22.00,15.00,1,1,0.7577
3,1,24.00,104.00,12.00,15.00,1,1,0.9843
3,2,56.00,44.00,18.00,24.00,1,1,0.0000
3,3,30.00,30.00,23.00,18.00,1,1,0.8415
3,4,37.00,21.00,25.00,14.00,1,1,0.4163
3,5,66.00,95.00,20.00,18.00,1,1,0.2628
3,6,2.00,98.00,23.00,18.00,1,1,1.0000
3,7,73.00,41.00,22.00,16.00,1,1,0.7149
4,1,26.00,104.00,12.00,15.00,1,1,0.9921
4,2,54.00,43.00,18.00,24.00,1,1,0.0000
4,3,30.00,28.00,22.00,18.00,1,1,0.7520
4,4,36.00,23.00,25.00,14.00,1,1,0.4878
4,5,65.00,97.00,21.00,18.00,1,1,0.2393
4,6,4.00,98.00,23.00,18.00,1,1,1.0000
4,7,72.00,39.00,22.00,15.00,1,1,0.6754
5,1,28.00,104.00,12.00,15.00,1,1,1.0000
5,2,53.00,42.00,18.00,24.00,1,1,0.0000
5,3,29.00,26.00,22.00,18.00,1,1,0.5592
5,4,34.00,25.00,26.00,14.00,1,1,0.5425
5,5,65.00,99.00,20.00,18.00,1,1,0.2058
5,6,6.00,97.00,23.00,18.00,1,1,1.0000
5,7,71.00,36.00,22.00,15.00,1,1,0.6133
6,1,30.00,104.00,12.00,15.00,1,1,1.0000
6,2,51.00,41.00,18.00,24.00,1,1,0.0000
6,3,28.00,24.00,22.00,18.00,1,1,0.3927
6,4,33.00,27.00,25.00,14.00,1,1,0.6107
6,5,65.00,101.00,20.00,18.00,1,1,0.1934
6,6,8.00,97.00,23.00,18.00,1,1,1.0000
6,7,70.00,33.00,22.00,16.00,1,1,0.5658
7,1,32.00,104.00,12.00,15.00,1,1,1.0000
7,2,50.00,40.00,18.00,24.00,1,1,0.0000
7,3,27.00,22.00,23.00,17.00,1,1,0.4435
7,4,32.00,29.00,25.00,13.00,1,1,0.6790
7,5,64.00,102.00,21.00,18.00,1,1,0.1715
7,6,10.00,96.00,23.00,18.00,1,1,1.0000
7,7,69.00,31.00,22.00,15.00,1,1,0.5223
8,1,34.00,104.00,12.00,15.00,1,1,1.0000
8,2,48.00,39.00,18.00,24.00,1,1,0.0000
8,3,27.00,19.00,22.00,18.00,1,1,0.7177
8,4,31.00,31.00,25.00,13.00,1,1,0.7314
8,5,64.00,104.00,20.00,18.00,1,1,0.1480
8,6,12.00,96.00,23.00,18.00,1,1,1.0000
8,7,69.00,28.00,22.00,15.00,1,1,0.4735
9,1,36.00,104.00,12.00,15.00,1,1,1.0000
9,2,47.00,38.00,18.00,24.00,1,1,0.0270
9,3,26.00,17.00,22.00,18.00,1,1,0.9592
9,4,29.00,33.00,26.00,13.00,1,1,0.7592
9,5,63.00,106.00,21.00,18.00,1,1,0.1300
9,6,14.00,95.00,22.00,18.00,1,1,1.0000
9,7,68.00,25.00,22.00,16.00,1,1,0.4241
10,1,38.00,104.00,12.00,15.00,1,1,0.8898
10,2,45.00,37.00,18.00,24.00,1,1,0.1000
10,3,25.00,15.00,22.00,18.00,1,1,1.0000
10,4,28.00,35.00,25.00,13.00,1,1,0.7572
10,5,63.00,108.00,20.00,18.00,1,1,0.0985
10,6,16.00,95.00,22.00,18.00,1,1,1.0000
10,7,67.00,23.00,22.00,15.00,1,1,0.3850
11,1,40.00,104.00,12.00,15.00,1,1,0.7087
11,2,44.00,37.00,18.00,23.00,1,1,0.1773
11,3,24.00,13.00,23.00,18.00,1,1,1.0000
11,4,27.00,36.00,25.00,14.00,1,1,0.7796
11,5,62.00,109.00,21.00,18.00,1,1,0.0903
11,6,18.00,94.00,22.00,18.00,1,1,1.0000
11,7,66.00,20.00,22.00,15.00,1,1,0.3274
12,1,42.00,104.00,12.00,15.00,1,1,0.4961
12,2,42.00,35.00,18.00,24.00,1,1,0.2793
12,3,23.00,10.00,23.00,18.00,1,1,1.0000
12,4,26.00,38.00,25.00,14.00,1,1,0.8171
12,5,62.00,110.00,21.00,18.00,1,1,0.0683
12,6,20.00,94.00,22.00,18.00,1,1,1.0000
12,7,65.00,17.00,22.00,15.00,1,1,0.2731
13,1,44.00,104.00,12.00,15.00,1,1,0.2913
13,2,41.00,35.00,18.00,23.00,1,1,0.3773
13,3,23.00,8.00,22.00,18.00,1,1,1.0000
13,4,24.00,40.00,26.00,14.00,1,1,0.8745
13,5,62.00,108.00,20.00,18.00,1,1,0.0505
13,6,21.00,93.00,23.00,18.00,1,1,1.0000
13,7,64.00,15.00,22.00,15.00,1,1,0.2366
14,1,46.00,104.00,12.00,15.00,1,1,0.1181
14,2,39.00,33.00,18.00,24.00,1,1,0.4887
14,3,22.00,6.00,22.00,18.00,1,1,1.0000
14,4,23.00,42.00,25.00,14.00,1,1,0.9385
14,5,61.00,106.00,21.00,18.00,1,1,0.0396
14,6,23.00,93.00,23.00,18.00,1,1,1.0000
14,7,63.00,12.00,22.00,15.00,1,1,0.1894
15,1,48.00,104.00,12.00,15.00,1,1,0.0000
15,2,38.00,33.00,18.00,23.00,1,1,0.6027
15,3,21.00,5.00,22.00,18.00,1,1,1.0000
15,4,22.00,44.00,25.00,13.00,1,1,0.9835
15,5,61.00,105.00,20.00,17.00,1,1,0.0221
15,6,25.00,93.00,23.00,17.00,1,1,1.0000
15,7,63.00,9.00,22.00,15.00,1,1,0.1562
16,1,50.00,104.00,12.00,15.00,1,1,0.0000
16,2,36.00,31.00,18.00,24.00,1,1,0.7072
16,3,20.00,8.00,23.00,17.00,1,1,1.0000
16,4,21.00,46.00,25.00,13.00,1,1,1.0000
16,5,60.00,103.00,21.00,18.00,1,1,0.0143
16,6,27.00,92.00,23.00,18.00,1,1,0.9671
16,7,62.00,6.00,22.00,16.00,1,1,0.1145
17,1,52.00,104.00,12.00,15.00,1,1,0.0000
17,2,35.00,31.00,17.00,23.00,1,1,0.8056
17,3,20.00,10.00,22.00,18.00,1,1,1.0000
17,4,19.00,48.00,26.00,13.00,1,1,1.0000
17,5,60.00,101.00,20.00,18.00,1,1,0.0000
17,6,29.00,92.00,23.00,17.00,1,1,0.9024
17,7,61.00,4.00,22.00,15.00,1,1,0.0844
18,1,54.00,104.00,12.00,15.00,1,1,0.0000
18,2,33.00,29.00,18.00,24.00,1,1,0.8914
18,3,19.00,12.00,22.00,18.00,1,1,0.9959
18,4,18.00,50.00,25.00,13.00,1,1,1.0000
18,5,60.00,99.00,20.00,18.00,1,1,0.0000
18,6,31.00,91.00,22.00,18.00,1,1,0.8173
18,7,60.00,1.00,22.00,15.00,1,1,0.0526
19,1,56.00,104.00,12.00,15.00,1,1,0.0000
19,2,32.00,29.00,17.00,23.00,1,1,0.9673
19,3,18.00,14.00,22.00,18.00,1,1,0.9298
19,4,17.00,51.00,25.00,14.00,1,1,1.0000
19,5,59.00,98.00,21.00,17.00,1,1,0.0000
19,6,33.00,91.00,22.00,18.00,1,1,0.7200
19,7,59.00,0.00,22.00,15.00,1,1,0.0224
20,1,58.00,104.00,12.00,15.00,1,1,0.0000
20,2,30.00,28.00,18.00,23.00,1,1,1.0000
20,3,17.00,16.00,23.00,18.00,1,1,0.8140
20,4,15.00,53.00,26.00,14.00,1,1,1.0000
20,5,59.00,96.00,20.00,18.00,1,1,0.0000
20,6,35.00,90.00,22.00,18.00,1,1,0.6159
20,7,58.00,2.00,22.00,15.00,1,1,0.0000
21,1,60.00,104.00,12.00,15.00,1,1,0.0000
21,2,29.00,27.00,17.00,23.00,1,1,1.0000
21,3,16.00,19.00,23.00,18.00,1,1,0.6983
21,4,14.00,55.00,25.00,14.00,1,1,1.0000
21,5,58.00,94.00,21.00,18.00,1,1,0.0000
21,6,37.00,90.00,22.00,18.00,1,1,0.5051
21,7,58.00,5.00,22.00,15.00,1,1,0.0000
22,1,62.00,104.00,12.00,15.00,1,1,0.0000
22,2,27.00,26.00,18.00,23.00,1,1,1.0000
22,3,16.00,21.00,22.00,18.00,1,1,0.5868
22,4,13.00,57.00,25.00,14.00,1,1,1.0000
22,5,58.00,92.00,20.00,18.00,1,1,0.0000
22,6,38.00,89.00,23.00,18.00,1,1,0.4046
22,7,57.00,7.00,22.00,16.00,1,1,0.0000
23,1,64.00,104.00,12.00,15.00,1,1,0.0000
23,2,25.00,25.00,18.00,23.00,1,1,1.0000
23,3,15.00,23.00,22.00,18.00,1,1,0.5738
23,4,12.00,59.00,25.00,13.00,1,1,1.0000
23,5,57.00,91.00,21.00,17.00,1,1,0.0000
23,6,40.00,89.00,23.00,18.00,1,1,0.3003
23,7,56.00,10.00,22.00,15.00,1,1,0.0000
24,1,66.00,104.00,12.00,15.00,1,1,0.0000
24,2,24.00,24.00,18.00,23.00,1,1,1.0000
24,3,14.00,25.00,23.00,18.00,1,1,0.6173
24,4,10.00,61.00,26.00,13.00,1,1,1.0000
24,5,57.00,89.00,20.00,18.00,1,1,0.0000
24,6,42.00,88.00,23.00,18.00,1,1,0.1974
24,7,55.00,13.00,22.00,15.00,1,1,0.0000
25,1,68.00,104.00,12.00,15.00,1,1,0.0000
25,2,22.00,23.00,18.00,23.00,1,1,1.0000
25,3,13.00,28.00,23.00,17.00,1,1,0.7000
25,4,9.00,63.00,25.00,13.00,1,1,1.0000
25,5,57.00,87.00,20.00,18.00,1,1,0.0000
25,6,44.00,88.00,23.00,18.00,1,1,0.1155
25,7,54.00,15.00,22.00,16.00,1,1,0.0000
26,1,70.00,104.00,12.00,15.00,1,1,0.1102
26,2,21.00,22.00,18.00,23.00,1,1,1.0000
26,3,13.00,30.00,22.00,18.00,1,1,0.8050
26,4,8.00,65.00,25.00,13.00,1,1,1.0000
26,5,56.00,85.00,21.00,18.00,1,1,0.0000
26,6,46.00,87.00,23.00,18.00,1,1,0.0432
26,7,53.00,18.00,22.00,15.00,1,1,0.0000
27,1,72.00,104.00,12.00,15.00,1,1,0.2913
27,2,19.00,21.00,18.00,23.00,1,1,1.0000
27,3,12.00,32.00,22.00,18.00,1,1,0.9303
27,4,7.00,66.00,25.00,14.00,1,1,1.0000
27,5,56.00,84.00,20.00,17.00,1,1,0.0000
27,6,48.00,87.00,22.00,18.00,1,1,0.0000
27,7,52.00,21.00,22.00,15.00,1,1,0.0000
28,1,74.00,104.00,12.00,15.00,1,1,0.5039
28,2,18.00,20.00,18.00,23.00,1,1,1.0000
28,3,11.00,34.00,22.00,18.00,1,1,1.0000
28,4,5.00,68.00,26.00,14.00,1,1,1.0000
28,5,55.00,82.00,21.00,18.00,1,1,0.0000
28,6,50.00,86.00,22.00,18.00,1,1,0.0000
28,7,52.00,23.00,22.00,16.00,1,1,0.0000
29,1,76.00,104.00,12.00,15.00,1,1,0.7087
29,2,16.00,19.00,18.00,23.00,1,1,1.0000
29,3,10.00,36.00,23.00,18.00,1,1,1.0000
29,4,4.00,70.00,25.00,14.00,1,1,1.0000
29,5,55.00,80.00,20.00,18.00,1,1,0.0000
29,6,52.00,86.00,22.00,18.00,1,1,0.0000
29,7,51.00,26.00,22.00,15.00,1,1,0.0000
30,1,78.00,104.00,12.00,15.00,1,1,0.8819
30,2,15.00,18.00,18.00,23.00,1,1,1.0000
30,3,9.00,39.00,23.00,18.00,1,1,1.0000
30,4,3.00,72.00,25.00,14.00,1,1,1.0000
30,5,54.00,78.00,21.00,18.00,1,1,0.0000
30,6,54.00,85.00,22.00,18.00,1,1,0.0000
30,7,50.00,29.00,22.00,15.00,1,1,0.0000
31,1,80.00,104.00,12.00,15.00,1,1,1.0000
31,2,13.00,17.00,18.00,23.00,1,1,1.0000
31,3,9.00,41.00,22.00,18.00,1,1,1.0000
31,4,2.00,74.00,25.00,13.00,1,1,1.0000
31,5,54.00,77.00,21.00,17.00,1,1,0.0000
31,6,55.00,85.00,23.00,18.00,1,1,0.0000
31,7,49.00,31.00,22.00,16.00,1,1,0.0000
32,1,82.00,104.00,12.00,15.00,1,1,1.0000
32,2,12.00,16.00,18.00,23.00,1,1,1.0000
32,3,8.00,43.00,22.00,18.00,1,1,1.0000
32,4,0.00,76.00,26.00,13.00,1,1,1.0000
32,5,54.00,75.00,20.00,18.00,1,1,0.0000
32,6,57.00,84.00,23.00,18.00,1,1,0.0000
32,7,48.00,34.00,22.00,15.00,1,1,0.0000
33,1,84.00,104.00,12.00,15.00,1,1,1.0000
33,2,10.00,15.00,18.00,23.00,1,1,1.0000
33,3,7.00,45.00,23.00,18.00,1,1,1.0000
33,4,0.00,78.00,24.00,13.00,1,1,1.0000
33,5,53.00,73.00,21.00,18.00,1,1,0.0000
33,6,59.00,84.00,23.00,18.00,1,1,0.0397
33,7,47.00,37.00,22.00,15.00,1,1,0.0088
34,1,86.00,104.00,12.00,15.00,1,1,1.0000
34,2,9.00,14.00,18.00,23.00,1,1,1.0000
34,3,6.00,48.00,23.00,17.00,1,1,1.0000
34,4,0.00,80.00,23.00,13.00,1,1,1.0000
34,5,53.00,71.00,20.00,18.00,1,1,0.0000
34,6,61.00,84.00,23.00,17.00,1,1,0.1081
34,7,47.00,39.00,22.00,16.00,1,1,0.0222
35,1,88.00,104.00,12.00,15.00,1,1,1.0000
35,2,7.00,13.00,18.00,23.00,1,1,1.0000
35,3,6.00,50.00,22.00,18.00,1,1,1.0000
35,4,0.00,81.00,22.00,14.00,1,1,1.0000
35,5,52.00,70.00,21.00,17.00,1,1,0.0000
35,6,63.00,83.00,23.00,18.00,1,1,0.1941
35,7,46.00,42.00,22.00,15.00,1,1,0.0531
36,1,90.00,104.00,12.00,15.00,1,1,1.0000
36,2,6.00,12.00,18.00,23.00,1,1,1.0000
36,3,5.00,52.00,22.00,18.00,1,1,1.0000
36,4,0.00,83.00,20.00,14.00,1,1,1.0000
36,5,52.00,68.00,20.00,18.00,1,1,0.0000
36,6,65.00,83.00,23.00,18.00,1,1,0.2867
36,7,45.00,45.00,22.00,15.00,1,1,0.0933
37,1,92.00,104.00,12.00,15.00,1,1,1.0000
37,2,4.00,11.00,18.00,23.00,1,1,1.0000
37,3,4.00,54.00,22.00,18.00,1,1,1.0000
37,4,0.00,85.00,19.00,14.00,1,1,1.0000
37,5,52.00,66.00,20.00,18.00,1,1,0.0000
37,6,67.00,82.00,22.00,18.00,1,1,0.3900
37,7,44.00,47.00,22.00,16.00,1,1,0.1233
38,1,94.00,104.00,12.00,15.00,1,1,1.0000
38,2,3.00,10.00,18.00,23.00,1,1,1.0000
38,3,3.00,56.00,23.00,18.00,1,1,1.0000
38,4,0.00,87.00,20.00,13.00,1,1,1.0000
38,5,51.00,64.00,21.00,18.00,1,1,0.0000
38,6,69.00,82.00,22.00,18.00,1,1,0.5033
38,7,43.00,50.00,22.00,15.00,1,1,0.1726
39,1,96.00,104.00,12.00,15.00,1,1,1.0000
39,2,1.00,9.00,18.00,23.00,1,1,1.0000
39,3,3.00,59.00,22.00,18.00,1,1,1.0000
39,4,0.00,89.00,22.00,13.00,1,1,1.0000
39,5,51.00,63.00,20.00,17.00,1,1,0.0000
39,6,71.00,81.00,22.00,18.00,1,1,0.6047
39,7,42.00,53.00,22.00,15.00,1,1,0.2070
40,1,98.00,104.00,12.00,15.00,1,1,1.0000
40,2,0.00,8.00,17.00,23.00,1,1,1.0000
40,3,2.00,61.00,22.00,18.00,1,1,1.0000
40,4,0.00,91.00,23.00,13.00,1,1,1.0000
40,5,50.00,61.00,21.00,18.00,1,1,0.0000
40,6,73.00,81.00,22.00,18.00,1,1,0.7138
40,7,41.00,56.00,22.00,15.00,1,1,0.2432
41,1,100.00,104.00,12.00,15.00,1,1,1.0000
41,2,0.00,7.00,16.00,23.00,1,1,1.0000
41,3,1.00,63.00,22.00,18.00,1,1,1.0000
41,4,0.00,93.00,24.00,13.00,1,1,1.0000
41,5,50.00,59.00,20.00,18.00,1,1,0.0000
41,6,74.00,80.00,23.00,18.00,1,1,0.8066
41,7,41.00,58.00,22.00,15.00,1,1,0.2946
42,1,102.00,104.00,12.00,15.00,1,1,1.0000
42,2,0.00,6.00,14.00,23.00,1,1,1.0000
42,3,0.00,65.00,23.00,18.00,1,1,1.0000
42,4,0.00,94.00,25.00,14.00,1,1,1.0000
42,5,49.00,57.00,21.00,18.00,1,1,0.0000
42,6,76.00,80.00,23.00,18.00,1,1,0.8885
42,7,40.00,61.00,22.00,15.00,1,1,0.3436
43,1,104.00,104.00,12.00,15.00,1,1,1.0000
43,2,0.00,5.00,16.00,23.00,1,1,1.0000
43,3,0.00,68.00,22.00,17.00,1,1,1.0000
43,4,1.00,96.00,26.00,14.00,1,1,1.0000
43,5,49.00,56.00,21.00,17.00,1,1,0.0000
43,6,78.00,79.00,23.00,18.00,1,1,0.9605
43,7,39.00,64.00,22.00,15.00,1,1,0.3833
44,1,106.00,104.00,12.00,15.00,1,1,1.0000
44,2,0.00,4.00,17.00,23.00,1,1,1.0000
44,3,0.00,70.00,21.00,18.00,1,1,1.0000
44,4,3.00,98.00,25.00,14.00,1,1,1.0000
44,5,49.00,54.00,20.00,18.00,1,1,0.0000
44,6,80.00,79.00,23.00,18.00,1,1,1.0000
44,7,38.00,66.00,22.00,16.00,1,1,0.4410
45,1,108.00,104.00,12.00,15.00,1,1,1.0000
45,2,1.00,3.00,18.00,23.00,1,1,1.0000
45,3,0.00,72.00,20.00,18.00,1,1,1.0000
45,4,4.00,100.00,25.00,14.00,1,1,1.0000
45,5,48.00,52.00,21.00,18.00,1,1,0.0000
45,6,82.00,78.00,23.00,18.00,1,1,1.0000
45,7,37.00,69.00,22.00,15.00,1,1,0.4867
46,1,110.00,104.00,12.00,15.00,1,1,1.0000
46,2,3.00,4.00,18.00,23.00,1,1,1.0000
46,3,0.00,74.00,19.00,18.00,1,1,1.0000
46,4,5.00,102.00,25.00,13.00,1,1,1.0000
46,5,48.00,50.00,20.00,18.00,1,1,0.0000
46,6,84.00,78.00,22.00,18.00,1,1,1.0000
46,7,36.00,72.00,22.00,15.00,1,1,0.5357
47,1,112.00,104.00,12.00,15.00,1,1,1.0000
47,2,4.00,5.00,18.00,23.00,1,1,1.0000
47,3,0.00,76.00,19.00,18.00,1,1,1.0000
47,4,6.00,104.00,26.00,13.00,1,1,1.0000
47,5,47.00,49.00,21.00,17.00,1,1,0.0073
47,6,86.00,77.00,22.00,18.00,1,1,1.0000
47,7,36.00,74.00,22.00,16.00,1,1,0.5804
48,1,114.00,104.00,12.00,15.00,1,1,1.0000
48,2,6.00,6.00,18.00,23.00,1,1,1.0000
48,3,0.00,79.00,18.00,18.00,1,1,1.0000
48,4,8.00,106.00,25.00,13.00,1,1,1.0000
48,5,47.00,47.00,20.00,18.00,1,1,0.0181
48,6,88.00,77.00,22.00,18.00,1,1,1.0000
48,7,35.00,77.00,22.00,15.00,1,1,0.6300
49,1,116.00,104.00,12.00,15.00,1,1,1.0000
49,2,7.00,7.00,18.00,23.00,1,1,1.0000
49,3,0.00,81.00,18.00,18.00,1,1,1.0000
49,4,9.00,108.00,25.00,13.00,1,1,1.0000
49,5,47.00,45.00,20.00,18.00,1,1,0.0255
49,6,90.00,76.00,22.00,18.00,1,1,1.0000
49,7,34.00,80.00,22.00,15.00,1,1,0.6696
50,1,115.00,104.00,12.00,15.00,1,1,1.0000
50,2,9.00,8.00,18.00,23.00,1,1,1.0000
50,3,0.00,83.00,19.00,18.00,1,1,1.0000
50,4,10.00,106.00,26.00,14.00,1,1,1.0000
50,5,46.00,43.00,21.00,18.00,1,1,0.0468
50,6,91.00,76.00,23.00,18.00,1,1,1.0000
50,7,33.00,82.00,22.00,16.00,1,1,0.7249
51,1,113.00,104.00,12.00,15.00,1,1,1.0000
51,2,10.00,9.00,18.00,23.00,1,1,1.0000
51,3,0.00,85.00,20.00,18.00,1,1,1.0000
51,4,12.00,104.00,25.00,14.00,1,1,1.0000
51,5,46.00,42.00,20.00,17.00,1,1,0.0623
51,6,93.00,75.00,23.00,18.00,1,1,1.0000
51,7,32.00,85.00,22.00,15.00,1,1,0.7699
52,1,111.00,104.00,12.00,15.00,1,1,1.0000
52,2,12.00,10.00,18.00,23.00,1,1,1.0000
52,3,0.00,88.00,21.00,17.00,1,1,0.9353
52,4,13.00,102.00,25.00,14.00,1,1,1.0000
52,5,45.00,40.00,21.00,18.00,1,1,0.0857
52,6,95.00,75.00,23.00,18.00,1,1,1.0000
52,7,31.00,88.00,22.00,15.00,1,1,0.8150
53,1,109.00,104.00,12.00,15.00,1,1,1.0000
53,2,13.00,11.00,18.00,23.00,1,1,1.0000
53,3,0.00,90.00,21.00,18.00,1,1,0.8306
53,4,14.00,100.00,25.00,14.00,1,1,1.0000
53,5,45.00,38.00,20.00,18.00,1,1,0.1004
53,6,97.00,75.00,23.00,17.00,1,1,1.0000
53,7,30.00,90.00,22.00,16.00,1,1,0.8565
54,1,107.00,104.00,12.00,15.00,1,1,1.0000
54,2,15.00,12.00,18.00,23.00,1,1,1.0000
54,3,0.00,92.00,22.00,18.00,1,1,0.8361
54,4,15.00,99.00,26.00,13.00,1,1,1.0000
54,5,44.00,36.00,21.00,18.00,1,1,0.1187
54,6,99.00,74.00,23.00,18.00,1,1,1.0000
54,7,30.00,93.00,22.00,15.00,1,1,0.8026
55,1,105.00,104.00,12.00,15.00,1,1,1.0000
55,2,16.00,13.00,18.00,23.00,1,1,1.0000
55,3,1.00,94.00,22.00,18.00,1,1,0.9429
55,4,17.00,97.00,25.00,13.00,1,1,1.0000
55,5,44.00,34.00,20.00,18.00,1,1,0.1423
55,6,101.00,74.00,22.00,18.00,1,1,1.0000
55,7,29.00,96.00,22.00,15.00,1,1,0.5354
56,1,103.00,104.00,12.00,15.00,1,1,1.0000
56,2,18.00,14.00,18.00,23.00,1,1,1.0000
56,3,1.00,96.00,23.00,18.00,1,1,1.0000
56,4,18.00,95.00,25.00,13.00,1,1,1.0000
56,5,44.00,33.00,20.00,18.00,1,1,0.1569
56,6,103.00,73.00,22.00,18.00,1,1,1.0000
56,7,28.00,98.00,22.00,16.00,1,1,0.4248
57,1,101.00,104.00,12.00,15.00,1,1,1.0000
57,2,19.00,15.00,18.00,23.00,1,1,1.0000
57,3,2.00,99.00,22.00,18.00,1,1,1.0000
57,4,19.00,93.00,25.00,13.00,1,1,1.0000
57,5,43.00,31.00,21.00,18.00,1,1,0.1799
57,6,104.00,73.00,22.00,18.00,1,1,1.0000
57,7,27.00,101.00,22.00,15.00,1,1,0.7149
