1,1,25.00,59.00,19.00,23.00,1,1,1.0000
1,2,55.00,76.00,22.00,16.00,1,1,0.0000
1,3,85.00,93.00,22.00,22.00,1,1,1.0000
1,4,10.00,68.00,14.00,28.00,1,1,1.0000
1,5,38.00,51.00,24.00,24.00,1,1,0.1696
1,6,92.00,55.00,10.00,10.00,1,1,0.6456
1,7,27.00,31.00,20.00,28.00,1,1,0.9226
1,8,30.00,44.00,20.00,22.00,1,1,0.0145
1,9,23.00,1.00,12.00,15.00,1,1,1.0000
1,10,45.00,6.00,23.00,26.00,1,1,0.0000
1,11,104.00,62.00,20.00,22.00,1,1,1.0000
1,12,95.00,47.00,14.00,16.00,1,1,1.0000
1,13,57.00,29.00,19.00,17.00,1,1,0.0000
1,14,61.00,17.00,25.00,20.00,1,1,0.0713
2,1,27.00,59.00,19.00,23.00,1,1,0.9796
2,2,54.00,75.00,22.00,16.00,1,1,0.0000
2,3,83.00,93.00,22.00,22.00,1,1,1.0000
2,4,10.00,67.00,14.00,27.00,1,1,1.0000
2,5,38.00,49.00,24.00,24.00,1,1,0.1457
2,6,93.00,58.00,10.00,10.00,1,1,0.7051
2,7,26.00,33.00,20.00,28.00,1,1,0.8601
2,8,31.00,43.00,20.00,22.00,1,1,0.0000
2,9,22.00,1.00,12.00,16.00,1,1,1.0000
2,10,48.00,6.00,22.00,26.00,1,1,0.0000
2,11,104.00,65.00,20.00,22.00,1,1,1.0000
2,12,95.00,49.00,14.00,16.00,1,1,1.0000
2,13,55.00,29.00,19.00,17.00,1,1,0.0000
2,14,61.00,16.00,26.00,20.00,1,1,0.0786
3,1,29.00,59.00,19.00,23.00,1,1,0.8980
3,2,54.00,74.00,22.00,16.00,1,1,0.0000
3,3,81.00,92.00,22.00,22.00,1,1,0.9474
3,4,10.00,65.00,14.00,28.00,1,1,1.0000
3,5,38.00,47.00,24.00,24.00,1,1,0.1454
3,6,93.00,61.00,10.00,10.00,1,1,0.7949
3,7,26.00,35.00,20.00,28.00,1,1,0.7886
3,8,31.00,42.00,20.00,22.00,1,1,0.0000
3,9,22.00,2.00,12.00,16.00,1,1,1.0000
3,10,50.00,5.00,23.00,26.00,1,1,0.0000
3,11,104.00,67.00,20.00,22.00,1,1,1.0000
3,12,95.00,50.00,14.00,16.00,1,1,1.0000
3,13,53.00,28.00,19.00,17.00,1,1,0.0000
3,14,61.00,14.00,26.00,21.00,1,1,0.0907
4,1,31.00,59.00,19.00,23.00,1,1,0.7901
4,2,53.00,73.00,22.00,16.00,1,1,0.0000
4,3,79.00,92.00,22.00,22.00,1,1,0.8568
4,4,9.00,64.00,15.00,28.00,1,1,1.0000
4,5,38.00,45.00,24.00,24.00,1,1,0.1549
4,6,93.00,64.00,10.00,9.00,1,1,0.8816
4,7,26.00,37.00,20.00,28.00,1,1,0.7341
4,8,32.00,41.00,20.00,22.00,1,1,0.0058
4,9,21.00,3.00,12.00,16.00,1,1,1.0000
4,10,52.00,5.00,23.00,25.00,1,1,0.0000
4,11,104.00,70.00,20.00,22.00,1,1,1.0000
4,12,95.00,52.00,15.00,16.00,1,1,1.0000
4,13,52.00,28.00,19.00,17.00,1,1,0.0000
4,14,61.00,13.00,26.00,21.00,1,1,0.1029
5,1,33.00,59.00,19.00,23.00,1,1,0.6647
5,2,52.00,72.00,22.00,16.00,1,1,0.0000
5,3,76.00,91.00,22.00,22.00,1,1,0.7402
5,4,9.00,63.00,15.00,27.00,1,1,1.0000
5,5,38.00,43.00,24.00,24.00,1,1,0.1744
5,6,93.00,66.00,10.00,10.00,1,1,0.9367
5,7,25.00,39.00,20.00,28.00,1,1,0.7002
5,8,33.00,40.00,20.00,22.00,1,1,0.0432
5,9,20.00,4.00,13.00,16.00,1,1,1.0000
5,10,55.00,4.00,22.00,26.00,1,1,0.0000
5,11,104.00,72.00,21.00,22.00,1,1,1.0000
5,12,95.00,54.00,15.00,16.00,1,1,1.0000
5,13,50.00,27.00,19.00,17.00,1,1,0.0000
5,14,62.00,12.00,25.00,20.00,1,1,0.1095
6,1,35.00,59.00,19.00,23.00,1,1,0.5335
6,2,52.00,71.00,22.00,16.00,1,1,0.0000
6,3,74.00,90.00,22.00,22.00,1,1,0.6289
6,4,9.00,61.00,15.00,28.00,1,1,1.0000
6,5,38.00,41.00,24.00,24.00,1,1,0.1889
6,6,93.00,69.00,10.00,10.00,1,1,0.9875
6,7,25.00,41.00,20.00,28.00,1,1,0.7084
6,8,34.00,39.00,20.00,22.00,1,1,0.0809
6,9,20.00,5.00,12.00,16.00,1,1,1.0000
6,10,57.00,3.00,23.00,26.00,1,1,0.0000
6,11,105.00,75.00,20.00,21.00,1,1,1.0000
6,12,95.00,56.00,15.00,16.00,1,1,1.0000
6,13,48.00,27.00,19.00,17.00,1,1,0.0000
6,14,62.00,11.00,26.00,20.00,1,1,0.1268
7,1,37.00,59.00,19.00,23.00,1,1,0.3994
7,2,51.00,70.00,22.00,16.00,1,1,0.0000
7,3,72.00,90.00,22.00,22.00,1,1,0.5052
7,4,9.00,60.00,15.00,28.00,1,1,1.0000
7,5,39.00,39.00,24.00,24.00,1,1,0.1969
7,6,93.00,72.00,10.00,10.00,1,1,1.0000
7,7,25.00,43.00,20.00,28.00,1,1,0.7511
7,8,35.00,38.00,20.00,22.00,1,1,0.1040
7,9,19.00,6.00,12.00,16.00,1,1,1.0000
7,10,59.00,3.00,23.00,26.00,1,1,0.0000
7,11,105.00,77.00,20.00,22.00,1,1,1.0000
7,12,95.00,58.00,15.00,16.00,1,1,1.0000
7,13,47.00,26.00,19.00,18.00,1,1,0.0000
7,14,62.00,9.00,26.00,21.00,1,1,0.1383
8,1,39.00,59.00,19.00,23.00,1,1,0.2711
8,2,50.00,69.00,22.00,17.00,1,1,0.0000
8,3,70.00,89.00,22.00,22.00,1,1,0.3848
8,4,9.00,59.00,15.00,27.00,1,1,1.0000
8,5,39.00,37.00,24.00,24.00,1,1,0.2058
8,6,94.00,75.00,10.00,10.00,1,1,1.0000
8,7,24.00,45.00,21.00,28.00,1,1,0.8360
8,8,36.00,36.00,20.00,22.00,1,1,0.1101
8,9,19.00,7.00,12.00,15.00,1,1,1.0000
8,10,61.00,2.00,23.00,26.00,1,1,0.0203
8,11,105.00,79.00,20.00,22.00,1,1,1.0000
8,12,95.00,59.00,15.00,16.00,1,1,1.0000
8,13,45.00,26.00,19.00,17.00,1,1,0.0000
8,14,63.00,8.00,25.00,20.00,1,1,0.1278
9,1,41.00,59.00,19.00,23.00,1,1,0.1545
9,2,50.00,69.00,22.00,16.00,1,1,0.0000
9,3,68.00,89.00,22.00,22.00,1,1,0.2730
9,4,9.00,57.00,15.00,28.00,1,1,1.0000
9,5,39.00,36.00,24.00,24.00,1,1,0.1987
9,6,94.00,78.00,10.00,10.00,1,1,1.0000
9,7,24.00,47.00,20.00,28.00,1,1,0.9361
9,8,37.00,35.00,20.00,22.00,1,1,0.0930
9,9,18.00,7.00,12.00,16.00,1,1,1.0000
9,10,64.00,2.00,23.00,25.00,1,1,0.1009
9,11,105.00,82.00,20.00,22.00,1,1,1.0000
9,12,95.00,61.00,15.00,16.00,1,1,1.0000
9,13,43.00,25.00,19.00,18.00,1,1,0.0237
9,14,63.00,7.00,26.00,20.00,1,1,0.0608
10,1,43.00,59.00,19.00,23.00,1,1,0.0554
10,2,49.00,68.00,22.00,16.00,1,1,0.0000
10,3,66.00,88.00,22.00,22.00,1,1,0.1627
10,4,9.00,56.00,15.00,28.00,1,1,1.0000
10,5,39.00,34.00,24.00,24.00,1,1,0.1943
10,6,94.00,81.00,10.00,10.00,1,1,1.0000
10,7,24.00,49.00,20.00,28.00,1,1,0.9977
10,8,38.00,34.00,20.00,22.00,1,1,0.0680
10,9,18.00,8.00,12.00,16.00,1,1,1.0000
10,10,66.00,2.00,23.00,26.00,1,1,0.2059
10,11,106.00,84.00,20.00,22.00,1,1,1.0000
10,12,95.00,63.00,15.00,16.00,1,1,1.0000
10,13,42.00,25.00,19.00,17.00,1,1,0.0600
10,14,63.00,6.00,26.00,20.00,1,1,0.0073
11,1,45.00,59.00,19.00,23.00,1,1,0.0000
11,2,48.00,67.00,22.00,16.00,1,1,0.0000
11,3,64.00,88.00,22.00,22.00,1,1,0.0660
11,4,9.00,55.00,15.00,27.00,1,1,1.0000
11,5,39.00,32.00,24.00,24.00,1,1,0.1894
11,6,94.00,83.00,10.00,10.00,1,1,1.0000
11,7,23.00,51.00,21.00,28.00,1,1,0.9887
11,8,38.00,33.00,20.00,22.00,1,1,0.0409
11,9,17.00,9.00,12.00,16.00,1,1,1.0000
11,10,68.00,3.00,23.00,26.00,1,1,0.3273
11,11,106.00,87.00,20.00,21.00,1,1,1.0000
11,12,96.00,65.00,14.00,16.00,1,1,1.0000
11,13,40.00,25.00,19.00,17.00,1,1,0.1230
11,14,64.00,4.00,25.00,21.00,1,1,0.0000
12,1,47.00,59.00,19.00,23.00,1,1,0.0000
12,2,48.00,66.00,21.00,16.00,1,1,0.0000
12,3,62.00,87.00,21.00,22.00,1,1,0.0000
12,4,9.00,53.00,15.00,28.00,1,1,1.0000
12,5,39.00,30.00,24.00,24.00,1,1,0.1733
12,6,94.00,86.00,10.00,10.00,1,1,1.0000
12,7,23.00,53.00,20.00,28.00,1,1,0.9932
12,8,39.00,32.00,20.00,22.00,1,1,0.0318
12,9,17.00,10.00,12.00,16.00,1,1,1.0000
12,10,71.00,3.00,23.00,26.00,1,1,0.4518
12,11,106.00,89.00,20.00,22.00,1,1,1.0000
12,12,96.00,67.00,14.00,16.00,1,1,1.0000
12,13,38.00,24.00,19.00,17.00,1,1,0.1903
12,14,64.00,3.00,26.00,20.00,1,1,0.0000
13,1,49.00,59.00,19.00,23.00,1,1,0.0000
13,2,47.00,65.00,22.00,16.00,1,1,0.0000
13,3,59.00,86.00,22.00,22.00,1,1,0.0000
13,4,9.00,52.00,15.00,28.00,1,1,1.0000
13,5,40.00,28.00,24.00,24.00,1,1,0.1652
13,6,94.00,89.00,10.00,10.00,1,1,1.0000
13,7,23.00,55.00,20.00,28.00,1,1,0.9977
13,8,40.00,31.00,20.00,22.00,1,1,0.0230
13,9,16.00,11.00,12.00,16.00,1,1,1.0000
13,10,73.00,4.00,23.00,26.00,1,1,0.5782
13,11,106.00,91.00,20.00,22.00,1,1,1.0000
13,12,96.00,68.00,14.00,16.00,1,1,1.0000
13,13,37.00,24.00,19.00,17.00,1,1,0.2629
13,14,64.00,2.00,26.00,20.00,1,1,0.0024
14,1,51.00,59.00,19.00,23.00,1,1,0.0000
14,2,46.00,64.00,22.00,16.00,1,1,0.0000
14,3,57.00,86.00,22.00,22.00,1,1,0.0000
14,4,9.00,51.00,15.00,27.00,1,1,1.0000
14,5,40.00,26.00,24.00,24.00,1,1,0.1574
14,6,95.00,92.00,10.00,10.00,1,1,1.0000
14,7,22.00,57.00,21.00,28.00,1,1,1.0000
14,8,41.00,30.00,20.00,22.00,1,1,0.0259
14,9,15.00,12.00,13.00,16.00,1,1,1.0000
14,10,75.00,5.00,23.00,25.00,1,1,0.7009
14,11,106.00,94.00,20.00,22.00,1,1,1.0000
14,12,96.00,70.00,14.00,16.00,1,1,1.0000
14,13,35.00,23.00,19.00,18.00,1,1,0.3518
14,14,64.00,0.00,26.00,21.00,1,1,0.0195
15,1,53.00,59.00,19.00,23.00,1,1,0.0000
15,2,45.00,63.00,22.00,16.00,1,1,0.0000
15,3,55.00,85.00,22.00,22.00,1,1,0.0000
15,4,9.00,49.00,15.00,28.00,1,1,1.0000
15,5,40.00,24.00,24.00,24.00,1,1,0.1542
15,6,95.00,95.00,10.00,10.00,1,1,1.0000
15,7,22.00,59.00,20.00,28.00,1,1,1.0000
15,8,42.00,29.00,20.00,22.00,1,1,0.0173
15,9,15.00,13.00,12.00,16.00,1,1,1.0000
15,10,78.00,5.00,22.00,26.00,1,1,0.8223
15,11,107.00,96.00,20.00,22.00,1,1,1.0000
15,12,96.00,72.00,14.00,16.00,1,1,1.0000
15,13,33.00,23.00,19.00,17.00,1,1,0.4343
15,14,65.00,1.00,25.00,21.00,1,1,0.0123
16,1,55.00,59.00,19.00,23.00,1,1,0.0000
16,2,45.00,62.00,22.00,16.00,1,1,0.0000
16,3,53.00,85.00,22.00,22.00,1,1,0.0000
16,4,9.00,48.00,15.00,28.00,1,1,1.0000
16,5,40.00,22.00,24.00,24.00,1,1,0.1435
16,6,95.00,98.00,10.00,10.00,1,1,1.0000
16,7,22.00,61.00,20.00,28.00,1,1,1.0000
16,8,43.00,28.00,20.00,22.00,1,1,0.0087
16,9,14.00,14.00,12.00,15.00,1,1,1.0000
16,10,80.00,6.00,23.00,26.00,1,1,0.9205
16,11,107.00,99.00,20.00,22.00,1,1,1.0000
16,12,96.00,74.00,14.00,16.00,1,1,1.0000
16,13,31.00,22.00,19.00,18.00,1,1,0.5480
16,14,65.00,3.00,26.00,20.00,1,1,0.0147
17,1,57.00,59.00,19.00,23.00,1,1,0.0000
17,2,44.00,61.00,22.00,16.00,1,1,0.0145
17,3,51.00,84.00,22.00,22.00,1,1,0.0000
17,4,9.00,47.00,15.00,27.00,1,1,1.0000
17,5,40.00,20.00,24.00,24.00,1,1,0.1369
17,6,95.00,101.00,10.00,10.00,1,1,1.0000
17,7,21.00,63.00,21.00,28.00,1,1,1.0000
17,8,44.00,27.00,20.00,22.00,1,1,0.0057
17,9,14.00,14.00,12.00,16.00,1,1,1.0000
17,10,82.00,7.00,23.00,25.00,1,1,0.9886
17,11,107.00,101.00,20.00,22.00,1,1,1.0000
17,12,96.00,75.00,15.00,16.00,1,1,1.0000
17,13,30.00,22.00,19.00,17.00,1,1,0.6414
17,14,65.00,4.00,26.00,20.00,1,1,0.0318
18,1,59.00,59.00,19.00,23.00,1,1,0.0000
18,2,43.00,61.00,22.00,16.00,1,1,0.0331
18,3,49.00,84.00,22.00,22.00,1,1,0.0000
18,4,9.00,45.00,15.00,28.00,1,1,1.0000
18,5,40.00,18.00,24.00,24.00,1,1,0.1322
18,6,95.00,103.00,10.00,10.00,1,1,1.0000
18,7,21.00,65.00,20.00,28.00,1,1,1.0000
18,8,44.00,26.00,20.00,22.00,1,1,0.0000
18,9,13.00,15.00,12.00,16.00,1,1,1.0000
18,10,85.00,7.00,22.00,26.00,1,1,1.0000
18,11,107.00,103.00,20.00,22.00,1,1,1.0000
18,12,96.00,77.00,15.00,16.00,1,1,1.0000
18,13,28.00,22.00,19.00,17.00,1,1,0.7410
18,14,66.00,5.00,25.00,21.00,1,1,0.1146
19,1,61.00,59.00,19.00,23.00,1,1,0.0000
19,2,43.00,60.00,22.00,16.00,1,1,0.0543
19,3,47.00,83.00,22.00,22.00,1,1,0.0000
19,4,9.00,44.00,15.00,28.00,1,1,1.0000
19,5,41.00,16.00,24.00,24.00,1,1,0.1211
19,6,95.00,106.00,10.00,10.00,1,1,1.0000
19,7,21.00,67.00,20.00,28.00,1,1,1.0000
19,8,45.00,25.00,20.00,22.00,1,1,0.0000
19,9,13.00,16.00,12.00,16.00,1,1,1.0000
19,10,87.00,8.00,23.00,26.00,1,1,1.0000
19,11,107.00,105.00,21.00,22.00,1,1,1.0000
19,12,96.00,79.00,15.00,16.00,1,1,1.0000
19,13,26.00,21.00,19.00,17.00,1,1,0.8486
19,14,66.00,7.00,26.00,20.00,1,1,0.1941
20,1,63.00,59.00,19.00,23.00,1,1,0.0000
20,2,42.00,59.00,22.00,16.00,1,1,0.0899
20,3,44.00,82.00,22.00,22.00,1,1,0.0027
20,4,9.00,43.00,15.00,27.00,1,1,1.0000
20,5,41.00,14.00,24.00,24.00,1,1,0.1167
20,6,96.00,109.00,10.00,10.00,1,1,1.0000
20,7,20.00,69.00,21.00,28.00,1,1,1.0000
20,8,46.00,24.00,20.00,22.00,1,1,0.0000
20,9,12.00,17.00,12.00,16.00,1,1,1.0000
20,10,89.00,8.00,23.00,26.00,1,1,1.0000
20,11,107.00,103.00,20.00,22.00,1,1,1.0000
20,12,96.00,81.00,15.00,16.00,1,1,1.0000
20,13,25.00,21.00,19.00,17.00,1,1,0.9277
20,14,66.00,8.00,26.00,20.00,1,1,0.2676
21,1,65.00,59.00,19.00,23.00,1,1,0.0204
21,2,41.00,58.00,22.00,16.00,1,1,0.1091
21,3,42.00,82.00,22.00,22.00,1,1,0.0712
21,4,9.00,41.00,15.00,28.00,1,1,1.0000
21,5,41.00,12.00,24.00,24.00,1,1,0.1118
21,6,96.00,112.00,10.00,10.00,1,1,1.0000
21,7,20.00,71.00,20.00,28.00,1,1,1.0000
21,8,47.00,23.00,20.00,22.00,1,1,0.0000
21,9,12.00,18.00,12.00,16.00,1,1,1.0000
21,10,92.00,9.00,22.00,26.00,1,1,1.0000
21,11,107.00,100.00,20.00,22.00,1,1,1.0000
21,12,96.00,83.00,15.00,16.00,1,1,1.0000
21,13,23.00,20.00,19.00,17.00,1,1,0.9880
21,14,67.00,9.00,25.00,20.00,1,1,0.3284
22,1,67.00,59.00,19.00,23.00,1,1,0.1020
22,2,41.00,57.00,22.00,16.00,1,1,0.1372
22,3,40.00,81.00,22.00,22.00,1,1,0.1601
22,4,9.00,40.00,15.00,28.00,1,1,1.0000
22,5,41.00,10.00,24.00,24.00,1,1,0.1060
22,6,96.00,115.00,10.00,10.00,1,1,1.0000
22,7,20.00,73.00,20.00,28.00,1,1,1.0000
22,8,48.00,22.00,20.00,22.00,1,1,0.0000
22,9,11.00,19.00,12.00,16.00,1,1,1.0000
22,10,94.00,10.00,23.00,25.00,1,1,1.0000
22,11,107.00,98.00,20.00,22.00,1,1,1.0000
22,12,96.00,84.00,15.00,16.00,1,1,1.0000
22,13,21.00,20.00,19.00,17.00,1,1,0.9643
22,14,67.00,10.00,26.00,21.00,1,1,0.3407
23,1,69.00,59.00,19.00,23.00,1,1,0.2099
23,2,40.00,56.00,22.00,16.00,1,1,0.1720
23,3,38.00,81.00,22.00,22.00,1,1,0.2441
23,4,9.00,39.00,15.00,27.00,1,1,1.0000
23,5,41.00,8.00,24.00,24.00,1,1,0.0969
23,6,96.00,117.00,10.00,10.00,1,1,1.0000
23,7,20.00,75.00,20.00,28.00,1,1,1.0000
23,8,49.00,21.00,20.00,22.00,1,1,0.0000
23,9,10.00,20.00,13.00,15.00,1,1,1.0000
23,10,96.00,10.00,23.00,26.00,1,1,1.0000
23,11,107.00,96.00,20.00,22.00,1,1,1.0000
23,12,96.00,86.00,15.00,16.00,1,1,0.9651
23,13,20.00,19.00,19.00,18.00,1,1,0.9286
23,14,67.00,12.00,26.00,20.00,1,1,0.3617
24,1,71.00,59.00,19.00,23.00,1,1,0.3353
24,2,39.00,55.00,22.00,16.00,1,1,0.2151
24,3,36.00,80.00,22.00,22.00,1,1,0.3081
24,4,9.00,37.00,14.00,28.00,1,1,1.0000
24,5,41.00,6.00,24.00,24.00,1,1,0.0871
24,6,96.00,115.00,10.00,9.00,1,1,1.0000
24,7,19.00,77.00,20.00,28.00,1,1,1.0000
24,8,50.00,20.00,20.00,22.00,1,1,0.0000
24,9,10.00,20.00,12.00,16.00,1,1,1.0000
24,10,99.00,11.00,22.00,26.00,1,1,1.0000
24,11,106.00,93.00,20.00,22.00,1,1,1.0000
24,12,97.00,88.00,14.00,16.00,1,1,0.8412
24,13,18.00,19.00,19.00,17.00,1,1,0.8735
24,14,68.00,13.00,25.00,20.00,1,1,0.3719
25,1,73.00,59.00,19.00,23.00,1,1,0.4665
25,2,39.00,54.00,22.00,16.00,1,1,0.2391
25,3,34.00,80.00,22.00,22.00,1,1,0.3598
25,4,9.00,36.00,14.00,28.00,1,1,1.0000
25,5,42.00,4.00,24.00,24.00,1,1,0.0822
25,6,96.00,112.00,10.00,10.00,1,1,1.0000
25,7,19.00,79.00,20.00,28.00,1,1,1.0000
25,8,51.00,19.00,20.00,22.00,1,1,0.0000
25,9,9.00,21.00,12.00,16.00,1,1,0.9866
25,10,101.00,11.00,23.00,26.00,1,1,1.0000
25,11,106.00,91.00,20.00,22.00,1,1,1.0000
25,12,97.00,90.00,14.00,16.00,1,1,0.7529
25,13,16.00,18.00,19.00,18.00,1,1,0.8307
25,14,68.00,14.00,26.00,21.00,1,1,0.3865
26,1,75.00,59.00,19.00,23.00,1,1,0.6006
26,2,38.00,53.00,22.00,16.00,1,1,0.2826
26,3,32.00,79.00,22.00,22.00,1,1,0.4188
26,4,9.00,35.00,14.00,27.00,1,1,1.0000
26,5,42.00,2.00,24.00,24.00,1,1,0.0795
26,6,97.00,109.00,10.00,10.00,1,1,1.0000
26,7,19.00,81.00,20.00,28.00,1,1,1.0000
26,8,51.00,18.00,20.00,22.00,1,1,0.0000
26,9,9.00,22.00,12.00,16.00,1,1,0.9085
26,10,103.00,12.00,23.00,26.00,1,1,1.0000
26,11,106.00,88.00,20.00,22.00,1,1,1.0000
26,12,97.00,92.00,14.00,16.00,1,1,0.7381
26,13,15.00,18.00,19.00,17.00,1,1,0.7840
26,14,68.00,16.00,26.00,20.00,1,1,0.4034
27,1,77.00,59.00,19.00,23.00,1,1,0.7289
27,2,37.00,52.00,22.00,16.00,1,1,0.3273
27,3,30.00,78.00,22.00,22.00,1,1,0.5013
27,4,9.00,33.00,14.00,28.00,1,1,1.0000
27,5,42.00,1.00,24.00,23.00,1,1,0.0730
27,6,97.00,106.00,10.00,10.00,1,1,0.8875
27,7,18.00,83.00,20.00,28.00,1,1,1.0000
27,8,52.00,17.00,20.00,22.00,1,1,0.0000
27,9,8.00,23.00,12.00,16.00,1,1,0.8092
27,10,105.00,13.00,23.00,25.00,1,1,1.0000
27,11,106.00,86.00,20.00,22.00,1,1,1.0000
27,12,97.00,93.00,14.00,16.00,1,1,0.8166
27,13,13.00,18.00,19.00,17.00,1,1,0.7560
27,14,68.00,17.00,26.00,20.00,1,1,0.4198
28,1,79.00,59.00,19.00,23.00,1,1,0.8455
28,2,36.00,52.00,22.00,16.00,1,1,0.3640
28,3,27.00,78.00,22.00,22.00,1,1,0.5873
28,4,9.00,32.00,14.00,28.00,1,1,1.0000
28,5,42.00,2.00,24.00,24.00,1,1,0.0683
28,6,97.00,103.00,10.00,10.00,1,1,0.4051
28,7,18.00,85.00,20.00,28.00,1,1,1.0000
28,8,53.00,16.00,20.00,22.00,1,1,0.0000
28,9,8.00,24.00,12.00,16.00,1,1,0.7047
28,10,104.00,13.00,23.00,26.00,1,1,1.0000
28,11,106.00,84.00,20.00,22.00,1,1,1.0000
28,12,97.00,95.00,14.00,16.00,1,1,0.9235
28,13,11.00,17.00,19.00,17.00,1,1,0.7302
28,14,69.00,18.00,25.00,20.00,1,1,0.4296
29,1,81.00,59.00,19.00,23.00,1,1,0.9446
29,2,36.00,51.00,22.00,16.00,1,1,0.3921
29,3,25.00,77.00,22.00,22.00,1,1,0.6834
29,4,9.00,31.00,14.00,27.00,1,1,1.0000
29,5,42.00,4.00,24.00,24.00,1,1,0.0622
29,6,97.00,100.00,10.00,10.00,1,1,0.0625
29,7,18.00,87.00,20.00,28.00,1,1,1.0000
29,8,54.00,15.00,20.00,22.00,1,1,0.0000
29,9,7.00,25.00,12.00,16.00,1,1,0.5973
29,10,102.00,14.00,23.00,26.00,1,1,1.0000
29,11,105.00,81.00,20.00,22.00,1,1,1.0000
29,12,97.00,97.00,14.00,16.00,1,1,1.0000
29,13,9.00,17.00,19.00,17.00,1,1,0.7251
29,14,69.00,19.00,26.00,21.00,1,1,0.4461
30,1,83.00,59.00,19.00,23.00,1,1,1.0000
30,2,35.00,50.00,22.00,16.00,1,1,0.4368
30,3,23.00,77.00,22.00,22.00,1,1,0.7842
30,4,8.00,29.00,15.00,28.00,1,1,1.0000
30,5,43.00,6.00,24.00,24.00,1,1,0.0492
30,6,97.00,97.00,10.00,10.00,1,1,0.1410
30,7,17.00,89.00,20.00,28.00,1,1,1.0000
30,8,55.00,13.00,20.00,22.00,1,1,0.0000
30,9,7.00,26.00,12.00,15.00,1,1,0.5270
30,10,100.00,14.00,23.00,26.00,1,1,1.0000
30,11,105.00,79.00,20.00,22.00,1,1,1.0000
30,12,97.00,99.00,15.00,16.00,1,1,1.0000
30,13,8.00,16.00,19.00,17.00,1,1,0.7402
30,14,69.00,21.00,26.00,20.00,1,1,0.4655
31,1,85.00,59.00,19.00,23.00,1,1,1.0000
31,2,34.00,49.00,22.00,16.00,1,1,0.4764
31,3,21.00,76.00,22.00,22.00,1,1,0.8516
31,4,8.00,28.00,15.00,28.00,1,1,1.0000
31,5,43.00,8.00,24.00,24.00,1,1,0.0486
31,6,97.00,95.00,10.00,10.00,1,1,0.7105
31,7,17.00,91.00,20.00,28.00,1,1,1.0000
31,8,56.00,12.00,20.00,22.00,1,1,0.0000
31,9,6.00,26.00,12.00,16.00,1,1,0.4467
31,10,97.00,15.00,23.00,26.00,1,1,1.0000
31,11,105.00,76.00,20.00,22.00,1,1,1.0000
31,12,97.00,100.00,15.00,16.00,1,1,1.0000
31,13,6.00,16.00,19.00,17.00,1,1,0.7510
31,14,70.00,22.00,25.00,20.00,1,1,0.4764
32,1,87.00,59.00,19.00,23.00,1,1,1.0000
32,2,34.00,48.00,22.00,16.00,1,1,0.5180
32,3,19.00,76.00,22.00,22.00,1,1,0.9180
32,4,8.00,27.00,15.00,27.00,1,1,1.0000
32,5,43.00,10.00,24.00,24.00,1,1,0.0442
32,6,98.00,92.00,10.00,10.00,1,1,1.0000
32,7,17.00,93.00,20.00,28.00,1,1,1.0000
32,8,57.00,11.00,20.00,22.00,1,1,0.0000
32,9,5.00,27.00,13.00,16.00,1,1,0.4133
32,10,95.00,16.00,23.00,25.00,1,1,1.0000
32,11,105.00,74.00,20.00,22.00,1,1,1.0000
32,12,97.00,102.00,15.00,16.00,1,1,1.0000
32,13,4.00,15.00,19.00,18.00,1,1,0.7729
32,14,70.00,23.00,26.00,21.00,1,1,0.4951
33,1,89.00,59.00,19.00,23.00,1,1,1.0000
33,2,33.00,47.00,22.00,16.00,1,1,0.5556
33,3,17.00,75.00,22.00,22.00,1,1,0.9764
33,4,8.00,25.00,15.00,28.00,1,1,1.0000
33,5,43.00,12.00,24.00,24.00,1,1,0.0417
33,6,98.00,89.00,10.00,10.00,1,1,1.0000
33,7,16.00,95.00,21.00,28.00,1,1,1.0000
33,8,57.00,10.00,20.00,22.00,1,1,0.0000
33,9,5.00,28.00,12.00,16.00,1,1,0.3684
33,10,93.00,16.00,23.00,26.00,1,1,1.0000
33,11,105.00,72.00,20.00,22.00,1,1,0.9796
33,12,97.00,104.00,15.00,16.00,1,1,1.0000
33,13,3.00,15.00,19.00,17.00,1,1,0.8016
33,14,70.00,24.00,26.00,21.00,1,1,0.5000
34,1,91.00,59.00,19.00,23.00,1,1,1.0000
34,2,32.00,46.00,22.00,16.00,1,1,0.5971
34,3,15.00,74.00,22.00,22.00,1,1,1.0000
34,4,8.00,24.00,15.00,28.00,1,1,1.0000
34,5,43.00,14.00,24.00,24.00,1,1,0.0374
34,6,98.00,86.00,10.00,10.00,1,1,1.0000
34,7,16.00,97.00,20.00,28.00,1,1,1.0000
34,8,58.00,9.00,20.00,22.00,1,1,0.0000
34,9,4.00,29.00,12.00,16.00,1,1,0.3775
34,10,90.00,17.00,23.00,26.00,1,1,1.0000
34,11,104.00,69.00,20.00,22.00,1,1,0.8873
34,12,97.00,106.00,15.00,16.00,1,1,1.0000
34,13,1.00,14.00,19.00,18.00,1,1,0.8333
34,14,71.00,26.00,25.00,20.00,1,1,0.4789
35,1,93.00,59.00,19.00,23.00,1,1,1.0000
35,2,32.00,45.00,22.00,16.00,1,1,0.6327
35,3,13.00,74.00,22.00,22.00,1,1,1.0000
35,4,8.00,23.00,15.00,27.00,1,1,1.0000
35,5,43.00,16.00,24.00,24.00,1,1,0.0308
35,6,98.00,83.00,10.00,10.00,1,1,1.0000
35,7,16.00,99.00,20.00,28.00,1,1,1.0000
35,8,59.00,8.00,20.00,22.00,1,1,0.0000
35,9,4.00,30.00,12.00,16.00,1,1,0.3816
35,10,88.00,17.00,23.00,26.00,1,1,1.0000
35,11,104.00,67.00,20.00,22.00,1,1,0.7579
35,12,97.00,108.00,15.00,16.00,1,1,1.0000
35,13,3.00,14.00,19.00,17.00,1,1,0.7897
35,14,71.00,27.00,26.00,20.00,1,1,0.4177
36,1,95.00,59.00,19.00,23.00,1,1,1.0000
36,2,31.00,44.00,22.00,16.00,1,1,0.6727
36,3,10.00,73.00,22.00,22.00,1,1,1.0000
36,4,8.00,21.00,15.00,28.00,1,1,1.0000
36,5,44.00,18.00,24.00,24.00,1,1,0.0220
36,6,98.00,80.00,10.00,10.00,1,1,0.9103
36,7,15.00,101.00,21.00,27.00,1,1,1.0000
36,8,60.00,7.00,20.00,22.00,1,1,0.0000
36,9,3.00,31.00,12.00,16.00,1,1,0.4371
36,10,86.00,18.00,23.00,26.00,1,1,1.0000
36,11,104.00,64.00,20.00,22.00,1,1,0.6225
36,12,97.00,109.00,15.00,16.00,1,1,1.0000
36,13,4.00,14.00,19.00,17.00,1,1,0.7092
36,14,71.00,28.00,26.00,21.00,1,1,0.3692
37,1,97.00,59.00,19.00,23.00,1,1,1.0000
37,2,30.00,43.00,22.00,17.00,1,1,0.7080
37,3,8.00,73.00,22.00,22.00,1,1,1.0000
37,4,8.00,20.00,15.00,28.00,1,1,1.0000
37,5,44.00,20.00,24.00,24.00,1,1,0.0177
37,6,98.00,77.00,10.00,10.00,1,1,0.7500
37,7,15.00,103.00,20.00,25.00,1,1,1.0000
37,8,61.00,6.00,20.00,22.00,1,1,0.0000
37,9,3.00,32.00,12.00,16.00,1,1,0.5099
37,10,84.00,19.00,22.00,25.00,1,1,1.0000
37,11,104.00,62.00,20.00,22.00,1,1,0.4713
37,12,98.00,111.00,14.00,16.00,1,1,1.0000
37,13,6.00,13.00,19.00,17.00,1,1,0.6468
37,14,72.00,30.00,25.00,20.00,1,1,0.3153
38,1,99.00,59.00,19.00,23.00,1,1,1.0000
38,2,30.00,43.00,22.00,16.00,1,1,0.7464
38,3,6.00,72.00,22.00,22.00,1,1,1.0000
38,4,8.00,19.00,15.00,27.00,1,1,1.0000
38,5,44.00,22.00,24.00,24.00,1,1,0.0176
38,6,99.00,75.00,10.00,10.00,1,1,0.5867
38,7,15.00,102.00,20.00,26.00,1,1,1.0000
38,8,62.00,5.00,20.00,22.00,1,1,0.0000
38,9,2.00,32.00,12.00,16.00,1,1,0.6067
38,10,81.00,19.00,23.00,26.00,1,1,0.9636
38,11,103.00,60.00,21.00,21.00,1,1,0.3216
38,12,98.00,113.00,14.00,15.00,1,1,1.0000
38,13,8.00,13.00,19.00,17.00,1,1,0.5800
38,14,72.00,31.00,26.00,20.00,1,1,0.2689
39,1,101.00,59.00,19.00,23.00,1,1,1.0000
39,2,29.00,42.00,22.00,16.00,1,1,0.7806
39,3,4.00,72.00,22.00,22.00,1,1,1.0000
39,4,8.00,17.00,15.00,28.00,1,1,1.0000
39,5,44.00,24.00,24.00,24.00,1,1,0.0132
39,6,99.00,72.00,10.00,10.00,1,1,0.5190
39,7,14.00,100.00,21.00,28.00,1,1,1.0000
39,8,63.00,4.00,20.00,22.00,1,1,0.0000
39,9,1.00,33.00,13.00,16.00,1,1,0.7303
39,10,79.00,20.00,23.00,26.00,1,1,0.8750
39,11,103.00,57.00,20.00,22.00,1,1,0.2436
39,12,98.00,112.00,14.00,16.00,1,1,1.0000
39,13,9.00,12.00,19.00,18.00,1,1,0.5382
39,14,72.00,32.00,26.00,20.00,1,1,0.2475
40,1,103.00,59.00,19.00,23.00,1,1,1.0000
40,2,28.00,41.00,22.00,16.00,1,1,0.8182
40,3,2.00,71.00,22.00,22.00,1,1,1.0000
40,4,8.00,16.00,15.00,28.00,1,1,1.0000
40,5,44.00,26.00,24.00,24.00,1,1,0.0111
40,6,99.00,69.00,10.00,10.00,1,1,0.5443
40,7,14.00,98.00,20.00,28.00,1,1,1.0000
40,8,64.00,3.00,19.00,22.00,1,1,0.0000
40,9,1.00,34.00,12.00,16.00,1,1,0.8366
40,10,77.00,21.00,22.00,25.00,1,1,0.7691
40,11,103.00,55.00,20.00,22.00,1,1,0.2775
40,12,98.00,110.00,14.00,16.00,1,1,1.0000
40,13,11.00,12.00,19.00,17.00,1,1,0.5259
40,14,72.00,33.00,26.00,21.00,1,1,0.2749
